0.8450438806939017
0.8460226035452819
0.8458389163034715
0.8465766714089648
0.8474497330671816
0.8469712270776224
0.8462255424688235
0.8437707020933091
0.8462317537031432
0.8443311361986081
0.8487169426463522
0.8454145034356313
0.8448644661142551
0.8443367724372627
0.8441864955521083
0.8453666849756815
0.8447922460293324
0.8454735471795146
0.8452327099173479
0.8442344115246689
0.8454847133957244
0.84292275713766
0.8454511254849236
0.847877492904092
0.847689314116136
0.8443798148410174
0.846382415222749
0.84543149224597
0.846174950475051
0.8431429019664252
0.8444097225014214
0.8437285525484108
0.8423880537227317
0.8436237535460618
0.8457715472755635
0.8454760921250888
0.8455174342714741
0.8448475017560385
0.8459107628943048
0.845348308887782
0.8445678026661443
0.8455444216161158
0.846391632910518
0.8448285838313291
0.8466524725539436
0.8465276713330655
0.8484723851261039
0.8481552278529275
0.8457491119995182
0.846707303467157