0.9028509367340811
0.9039853878454256
0.9058691508926533
0.9065785171657434
0.9073503173249206
0.9082359042066829
0.9084376888717515
0.9093669292675733
0.9096641776643939
0.9107507678156017
0.9110110645713834
0.9115296927541451
0.9115821324814116
0.9119677544672823
0.9129011854443693
0.9129011854443693
0.912960432471573
0.9135528672783958
0.9140708093213524
0.9142604534800027
0.914959857067219
0.9149631727218314
0.915370631465074
0.9154283910073832
0.9157009534476843
0.9158290997072419
0.9161421446843167
0.9168955161119146
0.9168955161119146
0.917011960481781
0.9172158112913051
0.9174482177175135
0.9177332018928558
0.9177332018928558
0.9177332018928558
0.9177332018928558
0.9177510268305016
0.9177529442193354
0.9179226352349529
0.9179226352349529
0.9179226352349529
0.9180544013861416
0.918237873393162
0.918237873393162
0.9185469109304208
0.9187280959908131
0.918753647286043
0.9188806991234423
0.9188806991234423
0.9190917931365661