0.9018434786844369
0.9033995715932567
0.9036106538820912
0.9039980541507221
0.9046499370136974
0.9046499370136974
0.9054000793850214
0.905651853856525
0.9058734952673405
0.9058734952673405
0.906279374542406
0.9067194338592951
0.9069403543004617
0.9071514587919243
0.9071573925480074
0.9071573925480074
0.9071905126219558
0.9073314739145959
0.9075058704922998
0.9078153748292462
0.9078548837530324
0.908013538971768
0.9081587743419095
0.9081587743419095
0.9085118292499609
0.9087047413329775
0.9088138344257032
0.9090076467852455
0.9090076467852455
0.9091130476729818
0.9095687017296434
0.9095687017296434
0.9096104794804044
0.909870987628856
0.909870987628856
0.909870987628856
0.9100136197886213
0.9101030112647953
0.9101074082781276
0.910575636613191
0.910575636613191
0.9109806683587095
0.9112125509014019
0.9113380958420388
0.9114773954529205
0.9114901082659034
0.9114901082659034
0.9115856982567527
0.9116748171041653
0.9116748171041653
0.9119549790616233
0.9119549790616233
0.9119549790616233
0.9121387424345587
0.912144478212661
0.912144478212661
0.912144478212661
0.9122099196411371
0.9123126914138928
0.9124293077220486
0.9124293077220486
0.9126653576956303
0.9129712522751497
0.9129712522751497
0.9131106801162222
0.9131929643999527
0.9133150981714442
0.9134719972012635
0.9134719972012635
0.9135902752753676
0.9137953739127914
0.9137991818659555
0.913859061954421
0.913859061954421
0.913859061954421
0.9139400905720269
0.9140217665911691
0.9140356079321487
0.9141429828492167
0.9141429828492167
0.9141429828492167
0.9142201182877395
0.9142811852282463
0.9142811852282463
0.9145252996118255
0.9146045241627021
0.9149747124328294
0.9149747124328294
0.9149747124328294
0.914980765154951
0.914980765154951
0.9150070385823791
0.9150070385823791
0.9150070385823791
0.9150070385823791
0.9150070385823791
0.9150620833806788
0.9150620833806788
0.9150620833806788
0.9152120171634996
0.9152120171634996
0.9155830980289431
0.9155830980289431
0.9157744261758846
0.9157744261758846
0.9157744261758846
0.9158438419654052
0.9158438419654052
0.9158438419654052
0.915845496484918
0.9158764683309955
0.9158764683309955
0.9159758882584519
0.9160511262808666
0.9160869849230433
0.9162608863002237
0.9162921058186018
0.9162921058186018
0.9163549000913345
0.9163549000913345
0.9163549000913345
0.9163742138471872
0.9163742138471872
0.91650529876046
0.91650529876046
0.9165677204628508
0.9165677204628508
0.9165677204628508
0.9167126113395345
0.9167126113395345
0.9167126113395345
0.9167126113395345
0.9167315275198692
0.9167315275198692
0.9167315275198692
0.9169045610240258
0.9169045610240258
0.917012849915005
0.917012849915005
0.9170807875561919
0.9170807875561919
0.9171375122338532
0.9171802717347468
0.9171802717347468
0.9172163276782959
0.9172683411481808
0.9172683411481808
0.9172683411481808
0.9172868588041478
0.9172892830390409
0.9172892830390409
0.9172892830390409
0.917293925799992
0.9173570754864311
0.9173570754864311
0.9173570754864311
0.9174975135869463
0.9174975135869463
0.9174975135869463
0.917592153869471
0.917592153869471
0.917592153869471
0.917592153869471
0.917592153869471
0.917592153869471
0.917592153869471
0.917592153869471
0.917592153869471
0.917592153869471
0.917592153869471
0.917592153869471
0.917592153869471
0.917592153869471
0.917592153869471
0.917592153869471
0.917592153869471
0.917592153869471
0.917592153869471
0.917592153869471
0.9176966738201714
0.9179797832966267
0.9179797832966267
0.9180899712369783
0.9180899712369783
0.9182263124356334
0.9182263124356334
0.9182263124356334
0.9182263124356334
0.9184731156602214
0.9184731156602214
0.9184731156602214
0.9184731156602214
0.9184731156602214
0.918490756171066
0.9186099601999713
0.9186597620994782
0.9186597620994782
0.9186597620994782
0.9186597620994782
0.9186999724404973
0.9186999724404973
0.9186999724404973
0.9187483682331704
0.9187483682331704
0.9188107679384442
0.9188107679384442
0.9188107679384442
0.9188436261623313
0.9188436261623313
0.9188906660731826
0.9188906660731826
0.9188906660731826
0.9189095748438473
0.9189273066201449
0.9189497839257447
0.9189497839257447
0.9189998993438255
0.9189998993438255
0.9189998993438255
0.9189998993438255
0.9189998993438255
0.9189998993438255
0.9189998993438255
0.9189998993438255
0.9189998993438255
0.9189998993438255
0.9189998993438255
0.9190096564156957
0.9190096564156957
0.9190096564156957
0.9190096564156957
0.9190096564156957
0.9190096564156957
0.9190729516044219
0.9190729516044219
0.9190729516044219
0.9190729516044219
0.9190729516044219
0.9190729516044219
0.9190729516044219
0.9190729516044219
0.9190729516044219
0.9190729516044219
0.9190729516044219
0.919085220316885
0.9191462338640694
0.9191462338640694
0.9191462338640694
0.9191462338640694
0.9191462338640694
0.9191462338640694
0.9191462338640694
0.9191462338640694
0.919179753002471
0.9193161975778611
0.9193161975778611
0.9193161975778611
0.9193624176750731
0.9193624176750731
0.9193624176750731
0.9193624176750731
0.9194483700200896
0.9194483700200896
0.9195884287260966
0.9195884287260966
0.9196173488339717
0.9196173488339717
0.9196173488339717
0.9196173488339717
0.9196173488339717
0.9196173488339717
0.9196173488339717
0.9196173488339717
0.9196173488339717
0.9196173488339717
0.9196173488339717
0.9196173488339717
0.9196173488339717
0.9196185527440858
0.9196480129444133
0.9196480129444133
0.9196551610171231
0.9196551610171231
0.9197337159252518
0.9197337159252518
0.9198326073709667
0.9198326073709667
0.9198326073709667
0.9198326073709667
0.9198326073709667
0.9198326073709667
0.9198326073709667
0.9199031394306838
0.9199031394306838
0.9199031394306838
0.9199031394306838
0.9199031394306838
0.9200342576640809
0.9200747294751607
0.9200747294751607
0.9200747294751607
0.9200747294751607
0.9201044412728772
0.9201140978498309
0.920139451133487
0.920139451133487
0.920139451133487
0.920139451133487
0.920139451133487
0.920139451133487
0.920139451133487
0.920139451133487
0.920139451133487
0.920139451133487
0.920139451133487
0.920139451133487
0.9201646816691008
0.9201652961152393
0.9201652961152393
0.9201652961152393
0.9203064932959296
0.9203631961497386
0.9203631961497386
0.9203631961497386
0.9203631961497386
0.9203631961497386
0.9203631961497386
0.9203631961497386
0.9203631961497386
0.9203631961497386
0.9203631961497386
0.9203631961497386
0.9204075259306259
0.9204075259306259
0.9204736133888446
0.9204736133888446
0.9204736133888446
0.9204736133888446
0.9204736133888446
0.9204736133888446
0.9204736133888446
0.9204736133888446
0.9204736133888446
0.9204736133888446
0.9204736133888446
0.9204736133888446
0.9204736133888446
0.9204736133888446
0.9204736133888446
0.9204736133888446
0.9204916174955442
0.9204916174955442
0.9205867196555202
0.9205867196555202
0.9205867196555202
0.9205867196555202
0.9205867196555202
0.9206314719204692
0.9206460885411815
0.9206460885411815
0.9206460885411815
0.9206460885411815
0.9206460885411815
0.9206460885411815
0.9206460885411815
0.9206460885411815
0.9206460885411815
0.9206460885411815
0.9206460885411815
0.920689239810465
0.920689239810465
0.920689239810465
0.920689239810465
0.920689239810465
0.920689239810465
0.920689239810465
0.920689239810465
0.920689239810465
0.920689239810465
0.9207023256475529
0.9207023256475529
0.9207023256475529
0.9207023256475529
0.9207023256475529
0.9207023256475529
0.9207023256475529
0.9207948110575646
0.9207948110575646
0.9207948110575646
0.9207948110575646
0.9207948110575646
0.9207948110575646
0.9209011785477272
0.9209011785477272
0.9209011785477272
0.9209971572927707
0.9209971572927707
0.9209971572927707
0.9210384125415966
0.9210384125415966
0.9210661678251452
0.9210661678251452
0.9210661678251452
0.9210661678251452
0.9210661678251452
0.9210661678251452
0.9210661678251452
0.9210661678251452
0.9210661678251452
0.9211504354675517
0.9211504354675517
0.9211504354675517
0.9211504354675517
0.9211504354675517
0.9211504354675517
0.9211504354675517
0.9211504354675517
0.9212051254526612
0.9212051254526612
0.9212051254526612
0.9212051254526612
0.9212051254526612
0.9212051254526612
0.9212051254526612
0.9212051254526612
0.9212051254526612
0.9212051254526612
0.9212051254526612
0.9212051254526612
0.9212051254526612
0.9212066026479995
0.9212805578368307
0.9212805578368307
0.9212805578368307
0.9212805578368307
0.9212805578368307
0.9212805578368307
0.9213078152803388
0.9213078152803388
0.9213078152803388
0.9213078152803388
0.9213078152803388
0.9213078152803388
0.9213078152803388
0.9213078152803388
0.9213078152803388
0.9213078152803388
0.9213078152803388
0.9213078152803388
0.9213078152803388
0.9213078152803388
0.9213078152803388
0.9213078152803388
0.9213078152803388
0.9213078152803388
0.9213078152803388
0.9213078152803388
0.9214210522511483
0.9214210522511483
0.9214210522511483
0.9214210522511483
0.9214210522511483
0.9214210522511483
0.9214210522511483
0.9214210522511483
0.9216154019254725
0.9216154019254725
0.9216154019254725
0.9216154019254725
0.9216154019254725
0.9216154019254725
0.9216154019254725
0.9216390096131202
0.9216390096131202
0.9217269507493894
0.9217269507493894
0.9217269507493894
0.9217269507493894
0.9217269507493894
0.9217269507493894
0.9217269507493894
0.9217269507493894
0.9217269507493894
0.9217269507493894
0.9217269507493894
0.9217269507493894
0.9217269507493894
0.9217433510734953
0.9217433510734953
0.9217433510734953
0.9217433510734953
0.9217433510734953
0.9217433510734953
0.9217433510734953
0.9217433510734953
0.9217433510734953
0.9217433510734953
0.9217433510734953
0.9217682608132748
0.9217682608132748