0.9017375477139062
0.9068358271034429
0.9068358271034429
0.9070330612556569
0.9070330612556569
0.9074277632120673
0.9074887540513986
0.9079212669244275
0.9085460629670472
0.9087908968908212
0.9087908968908212
0.9089937223183513
0.9091647419422815
0.9092035495977837
0.9092035495977837
0.9095252867539632
0.9095865763381822
0.9096381036952585
0.9099268557304179
0.9099268557304179
0.9101541284349908
0.9103583783696899
0.9104299473095212
0.9105519478484745
0.9105519478484745
0.9107951302076918
0.9109236717820917
0.9109243365242516
0.9112065976397059
0.9112562883397457
0.9113393895761314
0.9113512290633995
0.9113512290633995
0.9114515340274754
0.9115808634619456
0.9115808634619456
0.9116554793482089
0.9118800125774761
0.9118800125774761
0.9119252503421699
0.9120274881654256
0.9120377592498985
0.9120377592498985
0.9121485905153377
0.9123526330429181
0.9125367929050733
0.912577364314116
0.9127545287297432
0.9127545287297432
0.9129499725596016
0.9129499725596016
0.9129499725596016
0.9129751473386243
0.9131302861945481
0.9133476387067062
0.9133476387067062
0.9133884439866197
0.9134009120279687
0.9137049270292893
0.9137049270292893
0.9140707179372375
0.9141715138302362
0.914227901830083
0.9143694050875887
0.9144571676899647
0.9144571676899647
0.9144571676899647
0.9146140673668021
0.9146140673668021
0.9146140673668021
0.9147091483010052
0.9148229723893168
0.9148229723893168
0.9150265955845798
0.9150265955845798
0.9150265955845798
0.9150265955845798
0.9150265955845798
0.9150265955845798
0.9150265955845798
0.9150266472052958
0.9151059128873236
0.9151470894084666
0.9151470894084666
0.9151500667524104
0.9152495636258065
0.9152802446263016
0.9152802446263016
0.9152802446263016
0.9152802446263016
0.9154733100252771
0.9154799204930928
0.9154799204930928
0.915577411236741
0.9159238877875447
0.9159238877875447
0.9159238877875447
0.9159238877875447
0.9159344215169465
0.9159344215169465
0.9159344215169465
0.9159344215169465
0.9159344215169465
0.9159344215169465
0.9159903717320721
0.9160864119877231
0.9160864119877231
0.9162031247925861
0.9162031247925861
0.9162031247925861
0.9162031247925861
0.9162494139468207
0.9163041933426781
0.9164206735549247
0.9164642123623449
0.9164642123623449
0.9164642123623449
0.9165242694464316
0.9165242694464316
0.9165242694464316
0.9165276255283932
0.9166058975640914
0.9166058975640914
0.9167200188107957
0.9167200188107957
0.9167200188107957
0.9169397529182889
0.9170142152540431
0.9170142152540431
0.9170142152540431
0.9170142152540431
0.9170142152540431
0.9170142152540431
0.917056339851348
0.917056339851348
0.917056339851348
0.917056339851348
0.9170873393269807
0.9171664868980098
0.9171664868980098
0.9171862340700783
0.917339510313898
0.917339510313898
0.917354754297577
0.9174467701618365
0.9174467701618365
0.9174467701618365
0.9176068186071741
0.9176068186071741
0.9176068186071741
0.9176068186071741
0.9176068186071741
0.9176068186071741
0.9176697564317124
0.9176697564317124
0.9176697564317124
0.9176697564317124
0.9176697564317124
0.9176697564317124
0.9177359640088063
0.9177890018421999
0.9177890018421999
0.9179769348503647
0.9179769348503647
0.9179787968862313
0.9179787968862313
0.9181115024224397
0.9181115024224397
0.9181757739427969
0.9181757739427969
0.9181757739427969
0.9181757739427969
0.9181757739427969
0.9181757739427969
0.9181757739427969
0.9181815210033816
0.918274287668731
0.9183738817526642
0.9183738817526642
0.9183738817526642
0.9183738817526642
0.9183937784935609
0.9188103403182489
0.9188103403182489
0.9188625715797649
0.9188781448939537
0.9189232544961291
0.9189232544961291
0.9189232544961291
0.9189361256016269
0.9189361256016269
0.9189949137198639
0.9189949137198639
0.9189949137198639
0.9189949137198639
0.9189949137198639
0.9189949137198639
0.9189949137198639
0.9190332147511012
0.9191536336273358
0.9191536336273358
0.9191536336273358
0.9191536336273358
0.9191536336273358
0.9191536336273358
0.9192069045668582
0.9193045611284757
0.9194401920672297
0.9194401920672297
0.9194401920672297
0.9194420838586592
0.9194420838586592
0.9194420838586592
0.9194420838586592
0.9194420838586592
0.9194420838586592
0.9194790117937925
0.9195153300275376
0.9195153300275376
0.9195153300275376
0.9195273211444083
0.9195747547169577
0.9195747547169577
0.9195747547169577
0.9195747547169577
0.9195747547169577
0.9195747547169577
0.9195747547169577
0.9195747547169577
0.9195747547169577
0.9196035302361996
0.9196068507731833
0.9197528244380365
0.9197528244380365
0.919811920953408
0.919811920953408
0.919811920953408
0.919811920953408
0.919811920953408
0.9198337309442073
0.920117655439601
0.9201665601215874
0.9201665601215874
0.9201665601215874
0.9201665601215874
0.9202074064636926
0.9202730965304118
0.9202730965304118
0.920316345149755
0.920316345149755