0.9031178892105178
0.9042768387635916
0.9052101745804685
0.9062008113035114
0.9065230156669473
0.9069822702396481
0.907490525823017
0.908164047862358
0.9087495150761624
0.909029437326137
0.9094936408353509
0.910370894128851
0.9104708119193505
0.9106935451676172
0.9109108991543047
0.9114785350714961
0.9116578505270164
0.9119304859744147
0.9120679550881383
0.9125157365843429
0.9125822879066704
0.9130263815495046
0.9135502554403133
0.9140050866351445
0.9140050866351445
0.9143088088335299
0.9145610991495775
0.9145705231508343
0.9149608072365809
0.9150414482085156
0.9150414482085156
0.9150414482085156
0.9151053973844263
0.9155121607790706
0.9155121607790706
0.9155749690109583
0.9156629298683133
0.916235881443724
0.916235881443724
0.9164059900052736
0.9164059900052736
0.9164059900052736
0.9166244299924927
0.9167479265060081
0.9172830092915834
0.9172830092915834
0.9172830092915834
0.9172830092915834
0.9172830092915834
0.9172830092915834
0.9173141856010929
0.9173141856010929
0.917411232712412
0.917411232712412
0.9176034345557841
0.9176034345557841
0.9176159446440889
0.917850677012132
0.917850677012132
0.917850677012132
0.9179045159291765
0.9179045159291765
0.9179045159291765
0.9179045159291765
0.9179215177137412
0.9179215177137412
0.9179215177137412
0.9179215177137412
0.9179215177137412
0.9179592189702473
0.917964833178743
0.917964833178743
0.9180770744239937
0.9180770744239937
0.9180770744239937
0.9180770744239937
0.9180770744239937
0.9180770744239937
0.9180770744239937
0.9180770744239937
0.9181142924620537
0.9181142924620537
0.9182737267745598
0.9182737267745598
0.9182737267745598
0.9182737267745598
0.9182737267745598
0.9182737267745598
0.9183022513738945
0.9183187152482634
0.9183190209018313
0.9183190209018313
0.9183190209018313
0.9183190209018313
0.9183190209018313
0.9184429812321452
0.9184429812321452
0.9184429812321452
0.9184429812321452
0.9184429812321452