0.9012182763919075
0.9022316303861502
0.9023249873137428
0.9025019642906927
0.9029898160201226
0.90345667311045
0.9040872115167031
0.9043409715648003
0.9045814656724862
0.9048555600227306
0.9050003194897521
0.9050003194897521
0.9051055051465022
0.9056402662119399
0.9063137617112133
0.9068079975597362
0.9068079975597362
0.907284219902012
0.9073338804014409
0.9077387839336319
0.9078660034149052
0.908064365626176
0.9081707789117192
0.9086686554742293
0.9087545040880626
0.9089626082009294
0.9092525686982753
0.9093171115423816
0.9096010847471209
0.9098931079177724
0.9098931079177724
0.9098931079177724
0.9101131501510717
0.9102353237415252
0.9105005487283666
0.9105014061237698
0.9109161849128837
0.9110347872889194
0.9110347872889194
0.9111555289567059
0.9112847567936355
0.9113150089357102
0.9114187936667697
0.9115652937611195
0.91164188023745
0.9116940192415639
0.911846602060706
0.9119829817133827
0.9121228400547146
0.9121228400547146
0.9122153702464474
0.9123409977994438
0.9123409977994438
0.9124400090814507
0.9126181355278142
0.9126895970534884
0.9128695890454839
0.9132633650483173
0.9133952403295307
0.9133952403295307
0.9135525240377426
0.9139593061587196
0.9139593061587196
0.913969595521216
0.9140591586591147
0.9141711975871348
0.9141921163398503
0.9143878230568253
0.9143878230568253
0.9144918120837501
0.9145335935682241
0.9145335935682241
0.9147924893817264
0.9147924893817264
0.9147924893817264
0.9147924893817264
0.9147924893817264
0.9148747139208941
0.9151006425028657
0.9154211136620019
0.9154877099123183
0.9155526856691779
0.9155526856691779
0.9155526856691779
0.9156603420463559
0.9156603420463559
0.9157663950599687
0.9157663950599687
0.9160300461660557
0.9160300461660557
0.9161854721844538
0.9161854721844538
0.9161854721844538
0.9161854721844538
0.9161871304349744
0.9167692620572844
0.9170792011851281
0.9170792011851281
0.9172155803315546
0.9175018589137431
0.9175018589137431
0.9175018589137431
0.9175018589137431
0.917627052505831
0.9176442547465987
0.9176442547465987
0.9176442547465987
0.9176504094298331
0.9179481825631093
0.9179686783551883
0.9179686783551883
0.9183266326777266
0.9183266326777266
0.9183266326777266
0.9183266326777266
0.9183266326777266
0.9183831260191696
0.9183831260191696
0.9183838266843418
0.9183962604491162
0.9183998396057542
0.9183998396057542
0.9184099045320244
0.9185395154330276
0.9185556804437897
0.9185556804437897
0.9185556804437897
0.9187506059976278
0.9187568542933995
0.9187568542933995
0.9187568542933995
0.9190618058843648
0.9191198911097753
0.9191198911097753
0.9191231348296114
0.9191231348296114
0.9191231348296114
0.9191231348296114
0.9191807359311343
0.9192884148145021
0.9194548441887467
0.9198381446413197
0.9198381446413197
0.9198381446413197
0.9198381446413197
0.9198381446413197
0.9198954612429804
0.9198954612429804
0.9199015113505693
0.9199015113505693
0.9199015113505693
0.9199015113505693
0.919962950831461
0.919962950831461
0.919962950831461
0.919962950831461
0.919962950831461
0.9199951946567398
0.9199951946567398
0.9199951946567398
0.9199951946567398
0.9199951946567398
0.9199951946567398
0.9199951946567398
0.9199951946567398
0.9199951946567398
0.9199951946567398
0.9201256865377522
0.9201256865377522
0.9201256865377522
0.9201256865377522
0.9201256865377522
0.9201256865377522
0.9201256865377522
0.9201256865377522
0.9201256865377522
0.9201256865377522
0.9201256865377522
0.9201256865377522
0.9201256865377522
0.9201256865377522
0.9201256865377522
0.9201670719384883
0.9201670719384883
0.9201670719384883
0.9201670719384883
0.9202327045379001
0.9202327045379001
0.9202327045379001
0.9202327045379001
0.9202982009712423
0.9202982009712423
0.9203187837274595
0.9203187837274595
0.9203187837274595
0.9203187837274595
0.9203187837274595
0.9203187837274595
0.9203187837274595
0.9203187837274595
0.9204132185784829
0.9204440620073671
0.9205519795374818
0.9205519795374818
0.9205519795374818
0.9205519795374818
0.9205519795374818
0.9209984879579443
0.9209984879579443
0.9210057928085039
0.9211119329371975
0.9212402652918773
0.9213806337173661
0.9213806337173661
0.9213806337173661
0.9213806337173661
0.9213806337173661
0.9214294557110618
0.9214294557110618
0.9214294557110618
0.9214294557110618
0.9215018250896565
0.9215018250896565
0.9215018250896565
0.9215031997354646
0.9215031997354646
0.9215031997354646
0.9215031997354646
0.9215031997354646
0.9215031997354646
0.9215031997354646
0.9215031997354646
0.9215031997354646
0.9215031997354646
0.9215031997354646
0.9216347391255338
0.9216347391255338
0.9216347391255338
0.9216347391255338
0.9216347391255338
0.921669699390234
0.921669699390234
0.921669699390234
0.921669699390234
0.9217076209218958
0.9217076209218958
0.9217076209218958
0.9217076209218958
0.9217315063489661
0.9217315063489661
0.9217457848260457
0.9217457848260457
0.9218347463689275
0.9218347463689275
0.9218347463689275
0.9218347463689275
0.9218347463689275
0.9218347463689275
0.9218861955180433
0.9218861955180433
0.9218861955180433
0.9218861955180433
0.9218861955180433
0.9218861955180433
0.9218861955180433
0.9218861955180433
0.9218861955180433
0.9218861955180433
0.9218861955180433
0.9220208253390022
0.9220208253390022
0.9220208253390022
0.922166675910992
0.922166675910992
0.922166675910992
0.922166675910992
0.922166675910992
0.922166675910992
0.922166675910992
0.922166675910992
0.922166675910992
0.922166675910992
0.9222526969818505
0.9222526969818505
0.9222526969818505
0.9222526969818505
0.9222526969818505
0.9222526969818505
0.9222526969818505
0.9223152259480275
0.9223152259480275
0.9223152259480275
0.9223152259480275
0.9223279660739158
0.9223279660739158
0.9223617412757393
0.9223617412757393
0.9223617412757393
0.9223617412757393
0.9223906522427567
0.9223906522427567
0.9223906522427567
0.9223906522427567
0.9224473324818564
0.9224473324818564
0.9225131562416471
0.9225131562416471
0.9225131562416471
0.9225131562416471
0.9225131562416471
0.9225131562416471
0.9225131562416471
0.9225131562416471
0.9225131562416471
0.9225131562416471
0.9225131562416471
0.9225131562416471
0.9225131562416471
0.9225131562416471
0.9225131562416471
0.9225131562416471
0.9225131562416471
0.9225131562416471
0.9225131562416471
0.9225131562416471
0.9225131562416471
0.9225131562416471
0.9225131562416471
0.9225131562416471
0.9225131562416471
0.9225131562416471
0.9225131562416471
0.9225131562416471
0.9225359688906659
0.9225359688906659
0.9225359688906659
0.9225359688906659
0.9225359688906659
0.9225359688906659
0.9225359688906659
0.9225359688906659
0.9225426051169163
0.9225426051169163
0.9225426051169163
0.9225426051169163
0.9225426051169163
0.9225426051169163
0.9225426051169163
0.9225426051169163
0.9225426051169163
0.9225426051169163
0.9225426051169163
0.9225426051169163
0.9226142240354214
0.9226142240354214
0.9226142240354214
0.9226142240354214
0.9226142240354214
0.9226142240354214
0.9226142240354214
0.9226142240354214
0.922630576724127
0.922630576724127
0.922630576724127
0.922630576724127
0.922630576724127
0.922630576724127
0.922630576724127
0.922630576724127
0.922630576724127
0.922630576724127
0.922630576724127
0.922630576724127
0.922630576724127
0.9226403756434708
0.9226403756434708
0.9226403756434708
0.9226664775027219
0.9227300843526286
0.9227300843526286
0.9227300843526286
0.9227300843526286
0.9227300843526286
0.9229098133497959
0.9229098133497959
0.9229098133497959
0.922927883880131
0.9229407578795435
0.9229407578795435
0.9229407578795435
0.9229407578795435
0.9229407578795435
0.9229407578795435
0.9229407578795435
0.9229407578795435
0.9229407578795435
0.9229407578795435
0.9229599521538964
0.9229638081871464
0.9229638081871464
0.9229638081871464
0.9229638081871464
0.9229638081871464
0.9229638081871464
0.9229638081871464
0.9229638081871464
0.9229638081871464
0.9229638081871464
0.9229638081871464
0.9229638081871464
0.9229638081871464
0.9229638081871464
0.9229638081871464
0.9229638081871464
0.9229638081871464
0.9229638081871464
0.9229638081871464
0.9229638081871464
0.9229638081871464
0.9229638081871464
0.9229638081871464
0.9229638081871464
0.9229784099039966
0.9229784099039966
0.9229784099039966
0.9229784099039966
0.9229784099039966
0.9229784099039966
0.9229784099039966
0.9229784099039966
0.9229784099039966
0.9229784099039966
0.9229784099039966
0.9229784099039966
0.9229784099039966
0.9229784099039966
0.9229784099039966
0.9229784099039966
0.9229784099039966
0.9229784099039966
0.9229784099039966
0.9229784099039966
0.9229784099039966
0.9229784099039966
0.9229784099039966
0.9229784099039966
0.9229784099039966
0.9229784099039966
0.9229784099039966
0.9229784099039966
0.9229784099039966
0.923052031326293
0.923052031326293
0.923052031326293
0.9230810459746436
0.9230810459746436
0.9230810459746436
0.9230810459746436
0.9230810459746436
0.9230810459746436
0.9230810459746436
0.9230810459746436
0.9230810459746436
0.9230810459746436
0.9230810459746436
0.9230810459746436
0.9230810459746436
0.9230817032230751
0.9230817032230751
0.923131139790365
0.923131139790365
0.923131139790365
0.923131139790365
0.923131139790365
0.923131139790365
0.923131139790365
0.9232876466328275
0.9232876466328275
0.9232876466328275
0.9232876466328275
0.9232876466328275
0.9232876466328275
0.9232876466328275
0.9232876466328275
0.9232876466328275
0.9232876466328275
0.9232876466328275
0.9232876466328275
0.9232876466328275
0.9232876466328275
0.9232876466328275
0.9232876466328275
0.9232876466328275
0.9232876466328275
0.9232876466328275
0.9232876466328275
0.9232876466328275
0.9232876466328275
0.9232876466328275
0.9232876466328275