0.9029134687155129
0.9038307444573253
0.9057148413864697
0.9069310350647524
0.90753620654475
0.9079757970836116
0.9088389526611222
0.9093972087755331
0.9099755839518514
0.9103065649458403
0.9111673716450478
0.9115316078187471
0.9121769249592414
0.9123115314970263
0.9124931554824594
0.9128745692359247
0.913263388185939
0.9135676574534073
0.9138336818315884
0.9139426540082782
0.9142692533117562
0.9145061812953702
0.9147359024581307
0.9150200545351278
0.9150200545351278
0.915347443313608
0.9155430039767645
0.9157541054865358
0.9159249639574918
0.9163732422008922
0.9164632165278029
0.9165973055981729
0.9167402662297792
0.916805090058617
0.9169106006253636
0.917183109486543
0.9175084398622788
0.9175475900523968
0.9176381676071262
0.9178873699835246
0.9178754426593511
0.918361180999391
0.9186364081926981
0.9186683919809996
0.9186683919809996
0.918788591584545
0.9189014015931379
0.9188302690052588
0.9191364000275027
0.9189869456241434