0.9025978115425703
0.9035277622302151
0.9051703737209339
0.9059494051461732
0.9068053356803222
0.9071700343904465
0.907575423231508
0.908353371009629
0.9088514696491837
0.9096105892405482
0.9095626651866427
0.9100844174342018
0.9104547336568183
0.9109778914109486
0.9113449335546051
0.91201560621551
0.9121941114537044
0.912381699559155
0.9125817132474072
0.9129254113051619
0.9132961117012403
0.9135329470738158
0.913602649512605
0.9137289174084895
0.9140492134994035
0.9141696977866122
0.914292603528519
0.9145912279842896
0.9148028751664384
0.9147336420328663
0.9147594921789561
0.9150437658026641
0.9150291585102465
0.915304173244276
0.9155273231422226
0.9154682670121913
0.9155329467741089
0.9159791379974366
0.9160439526439845
0.9161989212148901
0.9162935702306206
0.9161713777778427
0.9162850027510371
0.9165880418744365
0.9168134016141759
0.9168314168728289
0.9172605503393917
0.9171837082170353
0.9171837082170353
0.9171879544595337