0.9025365398661797
0.9035446237675138
0.9027099455331192
0.9031825612597886
0.9036777466860993
0.9043255730975491
0.9041467721073645
0.9045690415832314
0.9049387873512453
0.9043881608076851
0.9043654924210391
0.9045832493893761
0.9046995176043244
0.9051950992755534
0.9054419247630546
0.9051398380995879
0.9051248880755812
0.9053865051905505
0.9052867768803682
0.9058690715683255
0.9061041098563247
0.9055967784889798
0.906791765175146
0.9059324016569396
0.9062984599571857
0.9061723133645607
0.9065340375437104
0.9068827285643214
0.9060895920419133
0.9068714612168932
0.9076610218929279
0.9068887266602381
0.906600626862336
0.9069671073480743
0.906972652338405
0.9075381823968836
0.9074127928050484
0.9071511048272163
0.9069425390743214
0.9071257803986323
0.9063481333667929
0.9070348147330022
0.9065480663075289
0.9071936465420546
0.9066752211996084
0.9066463881678248
0.9076569630157598
0.9074998227091425
0.9076771563081265
0.9078046121046104