0.8482168911030677
0.8485416035628605
0.8501754562312214
0.85086749009966
0.8519107157167758
0.8538602025669013
0.8555055965037699
0.8560578974715337
0.8561682101948298
0.8574110272639937
0.8578805305563391
0.8585920663498396
0.8600942422655087
0.8605278333962624
0.8609835201037997
0.8609835201037997
0.8614370599797633
0.8614887173712911
0.8616588198996328
0.8616770094058692
0.8620717882858834
0.8625462627618871
0.8626660664841308
0.8627323592668235
0.8627323592668235
0.864176697129587
0.864176697129587
0.864176697129587
0.864176697129587
0.8642139774374631
0.8647187884828317
0.8649659553163946
0.8649659553163946
0.8652875413941101
0.8660758416256836
0.8660758416256836
0.8661075743850947
0.8667729542825765
0.8667729542825765
0.8667729542825765
0.8667729542825765
0.8667729542825765
0.8667729542825765
0.8669591269000031
0.8669966088937301
0.8669966088937301
0.8669966088937301
0.8670776894614629
0.8670776894614629
0.8670776894614629
0.8671971956593395
0.8671971956593395
0.8674876225097143
0.8674876225097143
0.8674876225097143
0.8674876225097143
0.8674876225097143
0.8679411266360383
0.8679411266360383
0.8679411266360383
0.8679411266360383
0.8679411266360383
0.8690708999552289
0.8690708999552289
0.8690708999552289
0.8690708999552289
0.8691546075058182
0.8691546075058182
0.8691546075058182
0.8691546075058182
0.869813422091912
0.869813422091912
0.8706593342493866
0.8706593342493866
0.8706593342493866
0.8710712071764093
0.8710712071764093
0.8710712071764093
0.8710712071764093
0.8711417841616033
0.8711417841616033
0.8711519306985259
0.8711519306985259
0.8711519306985259
0.8716507308590473
0.8716507308590473
0.8716507308590473
0.8716507308590473
0.8716507308590473
0.8716507308590473
0.8716507308590473
0.8716507308590473
0.8716507308590473
0.8716507308590473
0.8716507308590473
0.8716507308590473
0.8716507308590473
0.8716507308590473
0.8716507308590473
0.8720076518863765
0.8720076518863765
0.8721706647344571
0.8726554714799389
0.8726554714799389
0.8726554714799389
0.8726554714799389
0.8726554714799389
0.8726554714799389
0.8726554714799389
0.8726554714799389
0.8726554714799389
0.8726554714799389
0.8726554714799389
0.8726554714799389
0.8726554714799389
0.8726554714799389
0.8726554714799389
0.8726554714799389
0.8726554714799389
0.8726554714799389
0.8726554714799389
0.8726554714799389
0.8726554714799389
0.8726554714799389
0.8726554714799389
0.8726554714799389
0.8726554714799389
0.8726554714799389
0.8726554714799389
0.8726554714799389
0.8726554714799389
0.8726554714799389
0.8726554714799389
0.8728009670768422
0.8728009670768422
0.8728009670768422
0.8728009670768422
0.8728009670768422
0.8728009670768422
0.8729872271518099
0.8729872271518099
0.8729872271518099
0.8729872271518099
0.8729872271518099
0.8729872271518099
0.8730097702227244
0.8730097702227244
0.8730097702227244
0.8730097702227244
0.8730097702227244
0.8730097702227244
0.8730097702227244
0.8730097702227244
0.8730097702227244
0.8730097702227244
0.8730097702227244
0.8730263599184939
0.8730263599184939
0.8730263599184939
0.8730263599184939
0.8735000695970555
0.8735000695970555
0.8735000695970555
0.8735000695970555
0.8736052660036208
0.8736052660036208
0.8736052660036208
0.8736052660036208
0.8736052660036208
0.8736052660036208
0.8736052660036208
0.8736052660036208
0.8736052660036208
0.873856857374901