0.903230160717754
0.9052467539467662
0.9063453252608399
0.9073103656833034
0.9083367508505754
0.9096583899372531
0.9101784049031525
0.9113851568550854
0.9118633044243936
0.912279967373513
0.9125516015256908
0.9127071412713598
0.913004409323023
0.9133379975405265
0.9134159620914806
0.9137770150423062
0.9140486933886508
0.914225451905991
0.9148558391946353
0.9148558391946353
0.9150437073523745
0.9151704257210208
0.9154599326896184
0.9156206576433371
0.9159671673295272
0.9159671673295272
0.916075655858449
0.9163591411569887
0.9165882449412986
0.9165882449412986
0.9167031229429577
0.9167454451454163
0.9167910820105482
0.9170533647247702
0.9170533647247702
0.9171673153410375
0.917172008732065
0.917172008732065
0.9172321069283035
0.9173859043063812
0.91749554138098
0.917731078845002
0.917731078845002
0.917731078845002
0.9180585624523261
0.9180585624523261
0.9181541486582322
0.9181541486582322
0.9182313515576269
0.9183851319089473