0.9042774079817836
0.9051199459746354
0.9066334287079422
0.907190607500937
0.9085250507447953
0.9092218392939925
0.9099785734549499
0.9102707035054051
0.9108200099140008
0.9113549916870328
0.9116386284950506
0.9120211414453924
0.9124569732538627
0.9129015166546405
0.9131547556941463
0.9134034079469667
0.9136534098781064
0.9138790009689834
0.9142721843623136
0.914758407668216
0.9148847287314769
0.9150920936674334
0.9154216098728478
0.9155713703730137
0.9157493928373767
0.9160245141128548
0.9161670699911737
0.916216817697204
0.9162616252622738
0.9163605229255131
0.916492918629188
0.9165523420299063
0.9166285062333451
0.9166420985724824
0.916809327396454
0.9168873650392309
0.9170414379833989
0.9171295930316612
0.9172286357585784
0.9172676397854597
0.9174700389881079
0.9175902765817975
0.9178451032449763
0.9180228525391565
0.918332143629227
0.9185361729816495
0.9186703144712957
0.9189593863380511
0.9190038777856049
0.9190836725022025