0.9033203882243585
0.9065577677745746
0.90799224800418
0.9089126274853826
0.9095413706949831
0.9101103360602114
0.9101228689096575
0.9107905228544507
0.9112335142448945
0.9113733348990275
0.9120180651925451
0.9122466959708789
0.9124450752813965
0.9125118598182325
0.912793626524394
0.9130517539756567
0.9136155746792917
0.9136155746792917
0.9136355968533667
0.9138989481329971
0.913938708414005
0.9141043598782473
0.9141043598782473
0.9141043598782473
0.9141043598782473
0.9141043598782473
0.9142821711843585
0.9142821711843585
0.9142821711843585
0.9143001507615068
0.9144655802220762
0.9144655802220762
0.9144655802220762
0.9145611856311989
0.9145611856311989
0.9145996166136251
0.9150499488998518
0.9151538127577573
0.9151538127577573
0.915177610645421
0.915177610645421
0.915177610645421
0.915177610645421
0.915177610645421
0.9155369064039645
0.9155369064039645
0.9155369064039645
0.9155369064039645
0.9155369064039645
0.9155469542583478