0.9028032985680443
0.9063096087011646
0.9079808551753925
0.9086974821176963
0.9093260822806989
0.9103510439142295
0.9110571710702304
0.9112742828632302
0.9117117442696125
0.9122544347645789
0.9125715298822701
0.9129639304947734
0.9136129062572383
0.9138558187547148
0.9139594056644805
0.9142909843983779
0.9144863806159129
0.9149174528618791
0.9150458306298109
0.9153984603380166
0.9156585667119366
0.916060436724277
0.9161484268678597
0.9167175392688716
0.9167244029340673
0.9167895267318572
0.9169403389191428
0.9169403389191428
0.9170759273658973
0.9171218304995886
0.9171958401622816
0.9173545282238647
0.9173986529131318
0.9174579196201458
0.9175159770034219
0.9176332546222765
0.9176332546222765
0.9177869103067144
0.917803641589181
0.9178601661988106
0.9179705552260258
0.9183593011771974
0.9183593011771974
0.9183886719498228
0.9185975379485494
0.9185975379485494
0.9186729560920787
0.9186729560920787
0.9187484007365306
0.9187484007365306