0.9020236622571435
0.9039333453564856
0.9058764758587757
0.9064374703373347
0.9075223080278153
0.9085846752057337
0.9085846752057337
0.9087351849115965
0.9104223777610029
0.9104223777610029
0.9104223777610029
0.9105383755049917
0.9107487683163205
0.9107487683163205
0.9107487683163205
0.9113407026996317
0.9113407026996317
0.9113407026996317
0.9113407026996317
0.9113407026996317
0.9115565856398599
0.911791217778959
0.911791217778959
0.911791217778959
0.911791217778959
0.9119393374834426
0.9120860715152005
0.9120860715152005
0.9121159263181527
0.9121159263181527
0.9121159263181527
0.9121672598657655
0.9121672598657655
0.9125898712354601
0.9125898712354601
0.9125898712354601
0.9125898712354601
0.9125898712354601
0.9125898712354601
0.9125898712354601
0.9125898712354601
0.9131634646632252
0.9131634646632252
0.9131634646632252
0.9131634646632252
0.9131634646632252
0.9131634646632252
0.9131634646632252
0.9135851079900211
0.9135851079900211