0.9036608762589776
0.9043014354922319
0.9054872549196106
0.9064652054750311
0.9072446821538033
0.9079724629559627
0.9088227466599399
0.9091553849725678
0.9095395941455547
0.9100678133489024
0.9105703659698884
0.910870010737446
0.9111802544954066
0.9115668615980127
0.9121884925215052
0.9123068578764367
0.9127762718677732
0.9128797328650211
0.913624816411228
0.9139000975812615
0.9140113486648471
0.9140557628592648
0.9143313523230555
0.9145730523997817
0.9147662534249267
0.9150585444375355
0.9151777747695641
0.9153516485427852
0.9154099756306444
0.9155801850872965
0.9156424862494466
0.9157382251964866
0.9158935164687086
0.9159467672160401
0.9162761953118884
0.9163922941569853
0.9163922941569853
0.9165103936480541
0.9166442630453049
0.9166592492770381
0.9168260002599641
0.9168565066859052
0.9168608923959232
0.9170768678086351
0.9171746790793602
0.9171746790793602
0.9172263381121688
0.9173454556548742
0.9174046031976854
0.9174812032930327