0.9026967239999854
0.9036333814336123
0.9058829954953822
0.9070983502745735
0.9076737745885347
0.9083811974195131
0.9095259804892564
0.9100284336404678
0.9109241305597889
0.9111745859568775
0.9115853183784723
0.9120742603249937
0.9124406030456246
0.9126968344456643
0.912834537614293
0.9131340176013186
0.9136328619308715
0.914080816657598
0.9141945264006467
0.9144668826355288
0.914695094911627
0.9152470437106321
0.9153709650747087
0.9155133075391286
0.9156925010193323
0.9161852110066457
0.9162694747218828
0.9167719396950309
0.9167719396950309
0.9170627214455807
0.9173965339666795
0.9174404664480874
0.9174468553728523
0.9176282455909478
0.9176282455909478
0.917759519711754
0.9177900564534646
0.917891457424866
0.9180939713968578
0.9181316320787705
0.9182106022228721
0.9183006922399375
0.9183898127372934
0.9185551652764907
0.9187165094799826
0.9188391322083022
0.9191192493963629
0.9191472465433896
0.9192251694882818
0.9193283230972304