0.902691713292115
0.9054405731691288
0.9064767044657525
0.9068162062736395
0.907186936973884
0.9076072641736956
0.9082192763049622
0.9084714766672173
0.9092196556361636
0.9096091354604711
0.9101339067367956
0.9104346758865138
0.9104346758865138
0.9104528202555318
0.9105514163494601
0.9109679410112625
0.9117701358697082
0.9120673507060079
0.9122463521444658
0.912456975748308
0.9125045474524643
0.9126805903846028
0.9127294215381149
0.9128624898276974
0.9128624898276974
0.913183167138349
0.9133802196852805
0.9136909685180891
0.9136909685180891
0.9138292212418674
0.9141902247176967
0.9142066242050112
0.9142066242050112
0.9142066242050112
0.9142066242050112
0.9144063470872588
0.9146860448044518
0.9146860448044518
0.9146860448044518
0.9147663928204626
0.9150730567928095
0.9150730567928095
0.9151995982806187
0.9151995982806187
0.915203786751428
0.9152701853640871
0.9155930886830648
0.9157019279873791
0.9157019279873791
0.9157019279873791