0.9028081328538473
0.9048166185481595
0.9064074455113474
0.9070327139877402
0.9075365651864329
0.9087384191246962
0.9092725131096528
0.9097640199408825
0.9104423973432348
0.9108639467931896
0.9108808698412871
0.9110737386533614
0.9110737386533614
0.9110884923428982
0.911297409484337
0.9115493335634298
0.9116757832545829
0.9121750684677815
0.9123059937402639
0.912399160843063
0.9124388428082628
0.9126536574949351
0.9132154056134019
0.9132154056134019
0.9134056678559337
0.9134056678559337
0.9134056678559337
0.9134056678559337
0.9135441077383887
0.9135441077383887
0.9135441077383887
0.9138769996054941
0.9140140955055986
0.9140140955055986
0.9140140955055986
0.9140140955055986
0.9140140955055986
0.9140140955055986
0.9140140955055986
0.9140140955055986
0.9140140955055986
0.9140140955055986
0.9140140955055986
0.9140692854345007
0.9140692854345007
0.9140692854345007
0.9140692854345007
0.9140692854345007
0.9142197917814979
0.9142197917814979