0.9028982591955707
0.9042409680155334
0.9056193924576739
0.9063695911912435
0.9069573806207057
0.907402534513344
0.9080653637728545
0.908402411793674
0.9088861734630923
0.9090598824492634
0.9093681737686721
0.9098282128816445
0.910213453765342
0.9103769918347537
0.9108640194588734
0.9110152089917088
0.9115876980606669
0.9118494124729374
0.911971041625891
0.9121521779610442
0.9125473684195455
0.9127484308495931
0.9127484308495931
0.912896897576511
0.9131830474482714
0.9133825499434616
0.9135288656642233
0.9137754240751311
0.9137754240751311
0.9139142813106937
0.9141705779579091
0.9146363108711645
0.9148214797509258
0.9149458627414195
0.9153044092785612
0.9153044092785612
0.9153044092785612
0.9156282072738088
0.9156282072738088
0.9157722155236179
0.916052699956749
0.916052699956749
0.9161509975554336
0.9163507311379382
0.9163507311379382
0.9163507311379382
0.916373991588867
0.9165491393755572
0.9166089244905476
0.916644418523274