0.903369660824401
0.9044744966714614
0.9052596558025482
0.9060138594472602
0.907063828286626
0.9082541287427505
0.9086212693561395
0.9092761886414588
0.9095084518847059
0.9099324009809531
0.9099324009809531
0.9102416802195078
0.9105804352116432
0.9105804352116432
0.9106661096630992
0.9110338548182917
0.9111159781633795
0.9120971817725619
0.9121353955463695
0.9123699900812436
0.912519005848064
0.9127968853097752
0.9131767731066125
0.9132558594972376
0.9133989096033115
0.9133989096033115
0.9140423757154431
0.9140451032567491
0.9140451032567491
0.9140451032567491
0.9140451032567491
0.91429714290479
0.9144334068778087
0.9144787529926972
0.9146676273485483
0.9147354202332373
0.9147503587170704
0.9147503587170704
0.9151228903520798
0.9151228903520798
0.9151718858884624
0.9151718858884624
0.9151718858884624
0.9151718858884624
0.9151718858884624
0.9152844990292652
0.9152844990292652
0.9152844990292652
0.9152844990292652
0.9152844990292652