0.901769491810603
0.9019674825007494
0.9023253397973676
0.9027067446856811
0.9030330482605666
0.9036605337506383
0.903673213031799
0.9038710785036411
0.903992214919353
0.9040647601178375
0.9040736506442366
0.9045463314340207
0.9049422338922238
0.9050486512685715
0.9053059720294755
0.9053059720294755
0.9053267508692379
0.9056676625509956
0.905716757493139
0.905716757493139
0.9059164820715244
0.9059838231493533
0.9060921231332708
0.9063251523998055
0.9065744603783438
0.9067896424077855
0.9068399288719071
0.9070577828474128
0.9075376881934154
0.9076583948418382
0.9076993510022694
0.9078480696932248
0.9078480696932248
0.9079240160828568
0.9079240160828568
0.9080632991628876
0.9082148831533315
0.9082148831533315
0.9084134850330925
0.9084449309456467
0.9086627517474497
0.9086979073569421
0.9087293399341269
0.9088537228550446
0.9090398181119271
0.9090413493347906
0.9091185614030525
0.9091185614030525
0.9093848757981159
0.9094922554491405
0.9094922554491405
0.9094922554491405
0.9094922554491405
0.9095354100622445
0.9096812543477376
0.9096812543477376
0.9099066976173488
0.9099792308360649
0.9099792308360649
0.9100211186868187
0.910032617064679
0.9101223245637858
0.9103455264050517
0.9103953045747587
0.910520104688369
0.9106579870369318
0.9106579870369318
0.9106816147141781
0.9111219022232694
0.9111219022232694
0.9111219022232694
0.9111219022232694
0.9111219022232694
0.9111219022232694
0.9111950041958536
0.9111950041958536
0.9111950041958536
0.9112724661490853
0.91131406793429
0.91131406793429
0.91131406793429
0.91131406793429
0.91131406793429
0.91131406793429
0.9113234107574878
0.911567740690473
0.911567740690473
0.911567740690473
0.911567740690473
0.911567740690473
0.911567740690473
0.911567740690473
0.911567740690473
0.911991847734797
0.911991847734797
0.911991847734797
0.911991847734797
0.911991847734797
0.911991847734797
0.911991847734797
0.911991847734797
0.911991847734797
0.911991847734797
0.9120137505541244
0.9120599217143007
0.9120599217143007
0.9120599217143007
0.9120599217143007
0.9120599217143007
0.9120910688169077
0.9122067774507479
0.9122067774507479
0.912215648980584
0.912215648980584
0.9123590918315161
0.9123590918315161
0.912472477862027
0.912472477862027
0.9124799032976988
0.9124799032976988
0.9124799032976988
0.9124799032976988
0.9125061754668072
0.9126086624745425
0.9126086624745425
0.9126086624745425
0.9126086624745425
0.9126086624745425
0.9126086624745425
0.9126086624745425
0.9126086624745425
0.9126086624745425
0.9128098989031359
0.9128451705921882
0.9128451705921882
0.9128849885616379
0.9128849885616379
0.9128849885616379
0.9129960523147268
0.9129960523147268
0.9129960523147268
0.9130319102572113
0.9130319102572113
0.9130319102572113
0.9130319102572113
0.9130884331812069
0.9131587167363895
0.9131587167363895
0.9131587167363895
0.9131591788499418
0.9133804091915985
0.9133804091915985
0.9133804091915985
0.9133804091915985
0.9133804091915985
0.9133804091915985
0.9133804091915985
0.9133804091915985
0.9133804091915985
0.9133804091915985
0.9133804091915985
0.9133804091915985
0.9133804091915985
0.9133804091915985
0.9133804091915985
0.9133804091915985
0.9133804091915985
0.9133804091915985
0.9133804091915985
0.9133804091915985
0.9133804091915985
0.9133804091915985
0.9133804091915985
0.9133804091915985
0.9133804091915985
0.9133804091915985
0.9133804091915985
0.9133804091915985
0.9133804091915985
0.9133804091915985
0.9133804091915985
0.9133804091915985
0.9133804091915985
0.9133804091915985
0.9133804091915985
0.9133804091915985
0.9133804091915985
0.9133804091915985
0.9133804091915985
0.9133804091915985
0.9133804091915985
0.9133804091915985
0.9133804091915985
0.9133804091915985
0.9133804091915985
0.9133804091915985
0.9134227533409812
0.9134227533409812
0.9134227533409812
0.9134227533409812
0.9134227533409812
0.9134227533409812
0.9134227533409812
0.9134227533409812
0.9134227533409812
0.9134227533409812
0.9134227533409812
0.9134227533409812
0.9134227533409812
0.9134227533409812
0.9134227533409812
0.9134227533409812
0.9134227533409812
0.9134227533409812
0.9134227533409812
0.9134227533409812
0.9134227533409812
0.9134227533409812
0.9134227533409812
0.9134227533409812
0.9134227533409812
0.9134227533409812
0.9134227533409812
0.9134227533409812
0.9134227533409812
0.9134227533409812
0.9134227533409812
0.9134227533409812
0.9134227533409812
0.9134227533409812
0.9134227533409812
0.9134227533409812
0.9134227533409812
0.9134227533409812
0.9134227533409812
0.9134227533409812
0.9134227533409812
0.9134227533409812
0.9134227533409812
0.9134227533409812
0.9134227533409812
0.9134227533409812
0.9134227533409812
0.9134227533409812
0.9134227533409812
0.9134227533409812
0.9134227533409812
0.9134227533409812
0.9134227533409812
0.9134227533409812
0.9134227533409812
0.9134227533409812
0.9134227533409812
0.9134227533409812
0.9134227533409812
0.9134227533409812
0.9134227533409812
0.9134227533409812
0.9134227533409812
0.9134227533409812
0.9134227533409812
0.9134227533409812
0.9134227533409812
0.9134227533409812
0.9134227533409812
0.9134346315500934
0.9134346315500934
0.9134346315500934
0.9134346315500934
0.9134346315500934
0.9134346315500934
0.9134346315500934
0.9134346315500934
0.9134346315500934
0.9134346315500934
0.9134346315500934
0.9134346315500934
0.9134346315500934
0.9134346315500934
0.9134346315500934
0.9134346315500934
0.9134346315500934
0.9134346315500934
0.9134346315500934
0.9134346315500934
0.9134346315500934
0.9134346315500934
0.9134346315500934
0.9134346315500934
0.9134346315500934
0.9134346315500934
0.9134346315500934
0.9134346315500934
0.913466102407775
0.913466102407775
0.913466102407775
0.913466102407775
0.913466102407775
0.913466102407775
0.913466102407775
0.913466102407775
0.913466102407775
0.913466102407775
0.913466102407775
0.913466102407775
0.913466102407775
0.9135127572518662
0.9135127572518662
0.9135318434960189
0.913568400635057
0.913568400635057
0.9135985791284459
0.9135986421539988
0.9135986421539988
0.9135986421539988
0.9135986421539988
0.9135986421539988
0.9135986421539988
0.9135986421539988
0.9135986421539988
0.9136202585409106
0.9136243491928601
0.9136243491928601
0.9136243491928601
0.9136243491928601
0.9136243491928601
0.9136243491928601
0.9136243491928601
0.9136243491928601
0.9136243491928601
0.9136243491928601
0.9136243491928601
0.9136243491928601
0.9136243491928601
0.9137698041736244
0.9137698041736244
0.9137698041736244
0.9137698041736244
0.9137698041736244
0.9137698041736244
0.9138011810316158
0.9138342643642752
0.9138342643642752
0.9138423522515082
0.9138423522515082
0.9138864904598099
0.9138864904598099
0.9139099151322806
0.9139099151322806
0.9139099151322806
0.9139099151322806
0.9139431479456788
0.9139431479456788
0.9139431479456788
0.914073294851479
0.914073294851479
0.9141035671007574
0.9141035671007574
0.9142351255491691
0.9142351255491691
0.9142634044270106
0.914269571026535
0.914304599725789
0.914304599725789
0.914304599725789
0.914304599725789
0.914304599725789
0.914304599725789
0.914304599725789
0.914304599725789
0.914304599725789
0.914304599725789
0.914304599725789
0.914304599725789
0.914304599725789
0.914304599725789
0.914304599725789
0.914304599725789
0.914304599725789
0.914304599725789
0.914304599725789
0.914304599725789
0.914304599725789
0.914304599725789
0.914304599725789
0.914304599725789
0.914304599725789
0.914304599725789
0.9143048529072639
0.9143048529072639
0.9144168163614146
0.9144168163614146
0.9144168163614146
0.9144168163614146
0.9144168163614146
0.9144168163614146
0.9144344424610712
0.9144344424610712
0.9144344424610712
0.9144344424610712
0.9144344424610712
0.9145378756277822
0.9145378756277822
0.9145378756277822
0.9145975509947799
0.9146035369304012
0.9146035369304012
0.9146035369304012
0.9146035369304012
0.9146035369304012
0.9146035369304012
0.9146075927942097
0.9147889176406757
0.9147889176406757
0.9147889176406757
0.9147889176406757
0.9147889176406757
0.9148136205103368
0.914840063630854
0.914840063630854
0.914840063630854
0.914840063630854
0.914840063630854
0.914840063630854
0.914840063630854
0.914840063630854
0.914840063630854
0.9150738018959725
0.9150738018959725
0.9150738018959725
0.9150738018959725
0.9150738018959725
0.9150738018959725
0.9150738018959725
0.9150738018959725
0.9150738018959725
0.9150738018959725
0.9150738018959725
0.9150738018959725
0.9150738018959725
0.9150738018959725
0.9150738018959725
0.9150738018959725
0.9150738018959725
0.9150738018959725
0.9150738018959725
0.9150738018959725
0.9150738018959725
0.9150738018959725
0.9150738018959725
0.9150738018959725
0.9151787228501828
0.9151787228501828
0.9151787228501828
0.9154539284145076
0.9154539284145076
0.9154539284145076
0.9154539284145076
0.9154539284145076
0.9154539284145076
0.9154539284145076
0.9154539284145076
0.9154539284145076
0.9154539284145076
0.9154539284145076
0.9154539284145076
0.9154539284145076
0.9154539284145076
0.915584357566808
0.915584357566808
0.915594281218741
0.915594281218741
0.915594281218741
0.915594281218741
0.915594281218741
0.915594281218741
0.9156101370240153
0.9156577860031222
0.9156577860031222
0.9156577860031222
0.9158327206244576
0.9158592308800612
0.916053314095229
0.916053314095229
0.916053314095229
0.916053314095229
0.916053314095229
0.916053314095229
0.916053314095229
0.916053314095229
0.916053314095229
0.916053314095229
0.916053314095229
0.916053314095229
0.916053314095229
0.916053314095229
0.916053314095229
0.916053314095229
0.916053314095229
0.916053314095229