0.9007587977964534
0.9017485268798883
0.9022662043451438
0.902346803986079
0.9026382332798262
0.9029088594068655
0.9029850515356146
0.9033028997568207
0.9037106647942039
0.9039131282914377
0.9041153383904917
0.9054544244077618
0.9054958776025034
0.9058728966834716
0.9061434688186342
0.9064356097587379
0.9066682427274
0.9066682427274
0.9069817352078979
0.9069817352078979
0.9069817352078979
0.9069817352078979
0.9070175985832223
0.9071363894859263
0.9072644660248149
0.907307165716814
0.9077144310853275
0.9077816743938258
0.9088230077460827
0.9093357728028667
0.909504454444742
0.909504454444742
0.9096690140486975
0.9097523241192811
0.9101852417055548
0.9101852417055548
0.9101852417055548
0.9101852417055548
0.9101852417055548
0.9102472036805388
0.9102472036805388
0.9105292383453539
0.9107409912480191
0.9108068449962556
0.9112836522795174
0.9112836522795174
0.9112836522795174
0.9113998243115289
0.9115113420358394
0.9115113420358394
0.9115113420358394
0.9117517713288634
0.9117517713288634
0.9120060972043522
0.912028119450127
0.912028119450127
0.912028119450127
0.912028119450127
0.912028119450127
0.912028119450127
0.9120788358649694
0.9123563645097106
0.9124139382865134
0.9124139382865134
0.9124139382865134
0.9124139382865134
0.9124139382865134
0.9124893446464595
0.9124893446464595
0.9124893446464595
0.9124893446464595
0.9124893446464595
0.9127016119653439
0.9127388607950597
0.9127388607950597
0.9127388607950597
0.9127388607950597
0.9127388607950597
0.9127799617440635
0.9127799617440635
0.9127799617440635
0.9133399602309601
0.9134969802195178
0.9134969802195178
0.9134969802195178
0.9134969802195178
0.9134969802195178
0.9134969802195178
0.9136874918602287
0.9136874918602287
0.9136874918602287
0.9136874918602287
0.9136874918602287
0.9137572748002405
0.9137572748002405
0.9137572748002405
0.9137572748002405
0.9137681544513869
0.9137681544513869
0.9139222628196911
0.9139222628196911
0.9139222628196911
0.9139222628196911
0.9139222628196911
0.9139222628196911
0.9139222628196911
0.9139222628196911
0.9139222628196911
0.9139515537624278
0.9139515537624278
0.9140886270107543
0.9140886270107543
0.9140998373745324
0.9143025708528708
0.9143025708528708
0.9143025708528708
0.9143025708528708
0.9143025708528708
0.9143025708528708
0.9143025708528708
0.9143025708528708
0.9147164234241931
0.9147164234241931
0.9147164234241931
0.9147164234241931
0.9147164234241931
0.9147164234241931
0.9147164234241931
0.9147164234241931
0.9147164234241931
0.9147164234241931
0.9147164234241931
0.9147164234241931
0.9147164234241931
0.9147164234241931
0.9147164234241931
0.9147164234241931
0.9147164234241931
0.9147164234241931
0.9147164234241931
0.9147164234241931
0.9147164234241931
0.9147164234241931
0.9147164234241931
0.9147164234241931
0.9147164234241931
0.9147164234241931
0.9147164234241931
0.9147164234241931
0.9147970414442711
0.9147970414442711
0.9147970414442711
0.9147970414442711
0.9147970414442711
0.9147970414442711
0.9147970414442711
0.9147970414442711
0.9147970414442711
0.9147970414442711
0.9147970414442711
0.9148521697310343
0.9148521697310343
0.9148521697310343
0.9148521697310343
0.9148521697310343
0.9148521697310343
0.9148521697310343
0.9148634584102828
0.9148634584102828
0.9148634584102828
0.9151057586514725
0.9151057586514725
0.9151057586514725
0.9151057586514725
0.9151057586514725
0.9151057586514725
0.9151057586514725
0.9151057586514725
0.9151057586514725
0.9151981830530195
0.9151981830530195
0.9151981830530195
0.9151981830530195
0.9151981830530195
0.9151981830530195
0.9151981830530195
0.9151981830530195
0.9151981830530195
0.9151981830530195
0.9151981830530195
0.9151981830530195
0.9151981830530195
0.9151981830530195
0.9151981830530195
0.9151981830530195
0.9151981830530195
0.9151981830530195
0.9154177711362499
0.9154177711362499
0.9154177711362499
0.9154177711362499
0.9154177711362499
0.9155469040997066
0.9155469040997066
0.9155469040997066
0.9155469040997066
0.9155469040997066
0.9155770380871858
0.915733434710455
0.915733434710455
0.915733434710455
0.915733434710455
0.915733434710455
0.915733434710455
0.915733434710455
0.915733434710455
0.915733434710455
0.915733434710455
0.915733434710455
0.915733434710455
0.915733434710455
0.9157488403129803
0.9157488403129803
0.9157488403129803
0.9157488403129803
0.9157488403129803
0.9157488403129803
0.9157620269295021
0.9157620269295021
0.9157620269295021
0.9158995051019009
0.9158995051019009
0.9158995051019009
0.9158995051019009
0.9158995051019009
0.9158995051019009
0.9158995051019009
0.9158995051019009
0.9158995051019009
0.9158995051019009
0.9158995051019009
0.9158995051019009
0.9158995051019009
0.9158995051019009
0.9158995051019009
0.9158995051019009
0.9158995051019009
0.9158995051019009
0.9158995051019009
0.9158995051019009
0.9158995051019009
0.9158995051019009
0.9158995051019009
0.9158995051019009
0.9158995051019009
0.9158995051019009
0.9159030402465748
0.9164260161253205
0.9164260161253205
0.9164644619407971
0.9164644619407971
0.9164644619407971
0.9164644619407971
0.9164644619407971
0.9164644619407971
0.9164644619407971
0.9164644619407971
0.9164644619407971
0.9164644619407971
0.9164644619407971
0.9164644619407971
0.9164644619407971
0.9164644619407971
0.9164644619407971
0.9164644619407971
0.9164644619407971
0.9164644619407971
0.9164644619407971
0.9164644619407971
0.9164644619407971
0.9164644619407971
0.9164644619407971
0.9164644619407971
0.9164644619407971
0.9164644619407971
0.9164644619407971
0.9164644619407971
0.9164644619407971
0.9164644619407971
0.9164644619407971
0.9164644619407971
0.9164644619407971
0.9164644619407971
0.9164644619407971
0.9164644619407971
0.9164644619407971
0.9164644619407971
0.9164644619407971
0.9164644619407971
0.9164644619407971
0.9164644619407971
0.9164644619407971
0.9164644619407971
0.9164644619407971
0.9164644619407971
0.9164644619407971
0.9164644619407971
0.9164644619407971
0.9164644619407971
0.9164644619407971
0.9164644619407971
0.9164644619407971
0.9164644619407971
0.9164644619407971
0.9164644619407971
0.9168099802630213
0.9168099802630213
0.9168099802630213
0.9168099802630213
0.9168099802630213
0.9168099802630213
0.916920419923338
0.9169685484532272
0.9169685484532272
0.9169685484532272
0.9169685484532272
0.9169685484532272
0.9169685484532272
0.9169685484532272
0.9169685484532272
0.9169685484532272
0.9169685484532272
0.9169685484532272
0.9169685484532272
0.9169685484532272
0.9169685484532272
0.9169685484532272
0.9169685484532272
0.9169685484532272
0.9169685484532272
0.9169685484532272
0.9169685484532272
0.9169685484532272
0.9169685484532272
0.9169685484532272
0.9169685484532272
0.9169685484532272
0.9169685484532272
0.9169685484532272
0.9169685484532272
0.9169685484532272
0.9169685484532272
0.9169685484532272
0.9169685484532272
0.9169685484532272
0.9169685484532272
0.9169685484532272
0.9169685484532272
0.9169685484532272
0.9169685484532272
0.9170642807018693
0.9170642807018693
0.9170642807018693
0.9170642807018693
0.9170642807018693
0.9170642807018693
0.9170642807018693
0.9170642807018693
0.9170642807018693
0.9170642807018693
0.9170642807018693
0.9170642807018693
0.9170642807018693
0.9170642807018693
0.9170642807018693
0.9170642807018693
0.9170642807018693
0.9170642807018693
0.9170642807018693
0.9170642807018693
0.9170642807018693
0.9170642807018693
0.9170642807018693
0.9170642807018693
0.9170642807018693
0.9170642807018693
0.9170642807018693
0.9170642807018693
0.9171883905869144
0.9171883905869144
0.9171883905869144
0.9171883905869144
0.9171883905869144
0.9171883905869144
0.9171883905869144
0.9171883905869144
0.9171883905869144
0.9171883905869144
0.9171883905869144
0.9171883905869144
0.9171883905869144
0.9171883905869144
0.9171883905869144
0.9171883905869144
0.9171883905869144
0.9171883905869144
0.9171883905869144
0.9171883905869144
0.9171883905869144
0.9171883905869144
0.9171883905869144
0.9173020733567663
0.9173020733567663
0.9173020733567663
0.9173020733567663
0.9173020733567663
0.9173020733567663
0.9173020733567663
0.9173020733567663
0.9173020733567663
0.9173020733567663
0.9173020733567663
0.9173020733567663
0.9173020733567663
0.9173020733567663
0.9173020733567663
0.9173020733567663
0.9173020733567663
0.9173020733567663
0.9173020733567663
0.9173020733567663
0.917425790221919
0.917425790221919
0.917425790221919
0.917425790221919
0.917425790221919
0.917425790221919
0.917425790221919
0.917425790221919
0.917425790221919
0.917425790221919
0.917425790221919
0.9174742448756317
0.9176327616480897
0.9176564396072766
0.9176564396072766
0.9176564396072766
0.9176564396072766
0.9176564396072766
0.9176564396072766
0.9176564396072766
0.9176564396072766
0.9176564396072766
0.9176564396072766
0.9176564396072766
0.9176564396072766
0.9176564396072766
0.9176564396072766
0.9176564396072766
0.9176564396072766
0.9176564396072766
0.9176564396072766
0.9176564396072766
0.9176564396072766
0.9176564396072766
0.9176564396072766
0.9176564396072766
0.9176564396072766
0.9176564396072766
0.9176564396072766
0.9176564396072766
0.9176564396072766
0.9176564396072766
0.9176564396072766
0.9176564396072766
0.9176564396072766
0.9176564396072766
0.9176564396072766
0.9176564396072766
0.9176564396072766
0.9176564396072766
0.9176564396072766
0.9176564396072766
0.9176564396072766
0.9176564396072766
0.9176564396072766
0.9178023996300649
0.9178023996300649
0.9178023996300649
0.9178023996300649
0.9178023996300649
0.9178023996300649
0.9178023996300649
0.9178023996300649
0.9178023996300649
0.9178023996300649
0.9178023996300649
0.9178023996300649
0.9178023996300649
0.9178023996300649