0.901524338172669
0.901524338172669
0.9027861391196924
0.9028582745539477
0.9033643313907379
0.9033643313907379
0.9037906903895059
0.9039494580395171
0.9043457840584559
0.9043991959437823
0.9049329076239376
0.9054963276876016
0.9056046911792638
0.9060094214589834
0.9065361689545159
0.9065377373291245
0.9070412771185044
0.907232688827464
0.9073259142585438
0.9076882851700596
0.9077062124658762
0.9079237415819009
0.9079237415819009
0.9079237415819009
0.9080507696384198
0.9082489146387175
0.9082489146387175
0.908290763608346
0.9083838970595682
0.9084004716730196
0.9088036011113899
0.9088036011113899
0.9092844671383454
0.9093911349929644
0.9095436943205796
0.9097921288486027
0.9100450930788473
0.9101035539807937
0.9101035539807937
0.910335153049555
0.9106002800778259
0.9106002800778259
0.910861073227271
0.910861073227271
0.910861073227271
0.9109674330330897
0.9109674330330897
0.9110817433559845
0.9110817433559845
0.9110817433559845
0.9111323843362265
0.9113765986644635
0.9113765986644635
0.9113765986644635
0.9116059201179754
0.9116059201179754
0.9116059201179754
0.9116059201179754
0.9116059201179754
0.9118025307691514
0.9118025307691514
0.9118025307691514
0.9118025307691514
0.9118025307691514
0.9118025307691514
0.9118025307691514
0.9118401899134542
0.9118401899134542
0.911886998182676
0.9120641152522913
0.9121065873853323
0.9121065873853323
0.9121065873853323
0.9121065873853323
0.9121782309283621
0.9122744749475635
0.9122744749475635
0.9122744749475635
0.9122744749475635
0.9123639275924191
0.9123639275924191
0.9124306130935769
0.9124750927119075
0.9125177922996781
0.9125177922996781
0.9125177922996781
0.9125177922996781
0.9127247488903979
0.913078358221843
0.913078358221843
0.913078358221843
0.9130877111246282
0.9130877111246282
0.9130877111246282
0.9130877111246282
0.9133729866017727
0.9133729866017727
0.9135357161635604
0.9135357161635604
0.9135357161635604
0.9135357161635604
0.9135357161635604
0.9136040458624461
0.9137916804173979
0.9137916804173979
0.9137916804173979
0.9138786289936299
0.9138786289936299
0.9138786289936299
0.9138786289936299
0.9138786289936299
0.913879400368921
0.913879400368921
0.913952582195502
0.9139669726740941
0.9139669726740941
0.9142156253352716
0.914266777969789
0.914266777969789
0.914266777969789
0.914266777969789
0.914266777969789
0.9143469915267508
0.9143766796055017
0.9143766796055017
0.9143766796055017
0.9143766796055017
0.9143984360924655
0.9143984360924655
0.9144419882750662
0.9144419882750662
0.9144419882750662
0.9144419882750662
0.9144419882750662
0.9144419882750662
0.9144419882750662
0.9144534139339878
0.9144534139339878
0.9144912482794313
0.914614585502936
0.914614585502936
0.9147050950777101
0.9147542140117836
0.9147683951190472
0.9150180609454779
0.9150180609454779
0.9151486012981568
0.9151486012981568
0.9151486012981568
0.9151486012981568
0.9152529034152197
0.9152529034152197
0.9152529034152197
0.9152529034152197
0.9153328233736392
0.9153328233736392
0.9153328233736392
0.9154172561153884
0.9154172561153884
0.9154172561153884
0.9154762633675412
0.9154911834626378
0.9154911834626378
0.915762897378249
0.915762897378249
0.915762897378249
0.915762897378249
0.915762897378249
0.915762897378249
0.915762897378249
0.915762897378249
0.915762897378249
0.915762897378249
0.915762897378249
0.915762897378249
0.9158021911017233
0.9160664925062214
0.9160664925062214
0.9160664925062214
0.9162279312306636
0.9162279312306636
0.9162279312306636
0.9162279312306636
0.9162279312306636
0.9162279312306636
0.9162279312306636
0.9162576026059857
0.9162576026059857
0.9162576026059857
0.9162576026059857
0.9162576026059857
0.9162576026059857
0.9162576026059857
0.9162576026059857
0.9162576026059857
0.9162576026059857
0.9162576026059857
0.9162576026059857
0.9162576026059857
0.9162576026059857
0.9162976381427953
0.9162976381427953
0.9162976381427953
0.9162976381427953
0.9162976381427953
0.9162976381427953
0.9162976381427953
0.9162976381427953
0.9162976381427953
0.9162976381427953
0.9162976381427953
0.9162976381427953
0.9162976381427953
0.9162976381427953
0.9162976381427953
0.9162976381427953
0.9162976381427953
0.916312923413134
0.916312923413134
0.916312923413134
0.9163263219428142
0.9163263219428142
0.9163263219428142
0.9163263219428142
0.9163263219428142
0.9163263219428142
0.916344264612428
0.9164335552682307
0.9164608067516808
0.9164608067516808
0.9164608067516808
0.9164608067516808
0.9165110895390362
0.9165110895390362
0.9165110895390362
0.9165110895390362
0.9165110895390362
0.9165110895390362
0.9165110895390362
0.9165110895390362
0.9165110895390362
0.9165110895390362
0.9166903897196932
0.9166903897196932
0.9166903897196932
0.9166903897196932
0.9166903897196932
0.9166903897196932
0.9166903897196932
0.9167168164464236
0.9167168164464236
0.9167168164464236
0.9167168164464236
0.9167168164464236
0.9167168164464236
0.9167168164464236
0.9167168164464236
0.9167168164464236
0.9167168164464236
0.9167168164464236
0.9167168164464236
0.9167168164464236
0.9167168164464236
0.9167168164464236
0.9167168164464236
0.9167276536575159
0.9167276536575159
0.9167276536575159
0.9167276536575159
0.9167276536575159
0.9167276536575159
0.9167276536575159
0.9167276536575159
0.9167276536575159
0.9167276536575159
0.9167276536575159
0.9167276536575159
0.9167276536575159
0.9167276536575159
0.9167276536575159
0.9168180636507586
0.9168180636507586
0.9168180636507586
0.9168180636507586
0.9168180636507586
0.9168180636507586
0.9168180636507586
0.9169840443439089
0.9169840443439089
0.9169840443439089
0.9169840443439089
0.9169840443439089
0.9169840443439089
0.9169840443439089
0.9169840443439089
0.917098174359716
0.917098174359716
0.9172366524578117
0.9172366524578117
0.9172366524578117
0.9172366524578117
0.9172366524578117
0.9172366524578117
0.9173748044900097
0.9173748044900097
0.9173947243319549
0.9174896327552315
0.9174896327552315
0.9174896327552315
0.9174896327552315
0.9174896327552315
0.9174896327552315
0.9175524420342047
0.9175524420342047
0.9175524420342047
0.9175524420342047
0.9175524420342047
0.9175524420342047
0.9175524420342047
0.9175524420342047
0.9175526764570642
0.9178037753130587
0.9178037753130587
0.9178037753130587
0.9178037753130587
0.9178264629760472
0.9178264629760472
0.9178264629760472
0.9178264629760472
0.9178264629760472
0.9178264629760472
0.9178264629760472
0.9178264629760472
0.9178264629760472
0.9178264629760472
0.9178264629760472
0.9178264629760472
0.9178264629760472
0.9178264629760472
0.9178264629760472
0.9178264629760472
0.9178264629760472
0.9180077110273551
0.9180077110273551
0.9180077110273551
0.9180077110273551
0.9180077110273551
0.9180077110273551
0.9180077110273551
0.9180077110273551
0.9180077110273551
0.9180077110273551
0.9180077110273551
0.9180077110273551
0.9180077110273551
0.9180077110273551
0.9180077110273551
0.9180077110273551
0.9180077110273551
0.9180077110273551
0.9180077110273551
0.9180673139758396
0.9180673139758396
0.9180673139758396
0.9180673139758396
0.9181180153076756
0.9181180153076756
0.9181180153076756
0.9181180153076756
0.9181180153076756
0.9181180153076756
0.9181180153076756
0.9181180153076756
0.9181180153076756
0.9181180153076756
0.9181180153076756
0.9181180153076756
0.9181180153076756
0.9181180153076756
0.9181180153076756
0.9181180153076756
0.9181180153076756
0.9181180153076756
0.9181180153076756
0.9181180153076756
0.9181180153076756
0.9181180153076756
0.9181180153076756
0.9181180153076756
0.9181180153076756
0.9181480044219011
0.9181480044219011
0.9181480044219011
0.9181480044219011
0.9181480044219011
0.9181480044219011
0.9181480044219011
0.9181480044219011
0.9181480044219011
0.9181480044219011
0.9181480044219011
0.9181480044219011
0.9181480044219011
0.9181480044219011
0.9181480044219011
0.9181480044219011
0.9181480044219011
0.9181480044219011
0.9181480044219011
0.9181480044219011
0.9181480044219011
0.9181480044219011
0.9181480044219011
0.9181480044219011
0.9181480044219011
0.9181480044219011
0.9181480044219011
0.9181878299602027
0.9181878299602027
0.9181878299602027
0.9181878299602027
0.9181878299602027
0.9181878299602027
0.9181878299602027
0.9181878299602027
0.9181878299602027
0.9181878299602027
0.9181878299602027
0.9181878299602027
0.9181878299602027
0.9181878299602027
0.9181878299602027
0.9181878299602027
0.9181878299602027
0.9181878299602027
0.9181878299602027
0.9181926519417412
0.9181926519417412
0.9181926519417412
0.9181926519417412
0.9181926519417412
0.9181926519417412
0.9181926519417412
0.9182209752285448
0.9182209752285448
0.9182209752285448
0.9182209752285448
0.9182209752285448
0.9182209752285448
0.9182238949848418
0.9182238949848418
0.9182238949848418
0.9182238949848418
0.9182238949848418
0.9182238949848418
0.9182238949848418
0.9182238949848418
0.9182238949848418
0.9182238949848418
0.9182238949848418
0.9182238949848418
0.9182238949848418
0.9182238949848418
0.9182238949848418
0.9182238949848418
0.9182238949848418
0.9182596687847406
0.9183157971279434
0.9183157971279434
0.9183157971279434
0.9183157971279434
0.9183157971279434
0.9183157971279434
0.9183157971279434
0.9183157971279434
0.9183157971279434
0.9183157971279434
0.9183157971279434
0.9183157971279434
0.9183157971279434
0.9183157971279434
0.9183157971279434
0.9183157971279434
0.9183157971279434
0.9183157971279434
0.9183157971279434
0.9183620491173379
0.9183620491173379
0.9183620491173379
0.9183620491173379
0.9183620491173379
0.9183620491173379
0.9183620491173379
0.9184267859872296
0.9184267859872296
0.9184267859872296
0.9184267859872296
0.9184267859872296
0.9184267859872296
0.9184267859872296