0.9008469005937974
0.9011705054526544
0.9013826601272795
0.9039322479569484
0.9046424618309274
0.9049541458140944
0.9053357687171232
0.9058293717704737
0.9058293717704737
0.9060564921932598
0.9065909350556747
0.9068232074606489
0.9069288247828058
0.9072091989799828
0.9072253545383058
0.9074246254844845
0.9083308503791009
0.9084398376386051
0.9084398376386051
0.9089743696674444
0.9091928180780106
0.9091928180780106
0.9095790023612706
0.9098126189332133
0.9099721358957394
0.9102699004927007
0.9103442640058117
0.9103442640058117
0.9106716262040485
0.9106716262040485
0.91077216427972
0.9108440149226167
0.9109334702804438
0.911057075826266
0.9112470949508651
0.9113882104444928
0.9113882104444928
0.9115422803953598
0.9116468142528901
0.9116943499605972
0.9117789187583191
0.9119673791379833
0.9119673791379833
0.9119673791379833
0.9123695561388677
0.9127513311793358
0.9128610556664224
0.9128610556664224
0.9128610556664224
0.9130468739118246
0.9132371400220659
0.9132573176833835
0.9134117979077768
0.9135481868340181
0.9135481868340181
0.9135481868340181
0.9136504451693961
0.9136504451693961
0.9136504451693961
0.9136504451693961
0.9139223491350208
0.9139937043870879
0.9141065094261039
0.9142086055097769
0.9142086055097769
0.9142086055097769
0.9142345756405091
0.9142345756405091
0.9142747231378744
0.9144047224466635
0.9144303647262894
0.9144303647262894
0.9144917086179236
0.9146963712510046
0.9146963712510046
0.9146963712510046
0.9146963712510046
0.9146963712510046
0.9146963712510046
0.9146963712510046
0.9146963712510046
0.9146963712510046
0.9146963712510046
0.9146963712510046
0.914787926768784
0.914787926768784
0.914787926768784
0.914787926768784
0.9148465494845591
0.9148465494845591
0.9148465494845591
0.9148465494845591
0.9149904842762785
0.9149904842762785
0.9149904842762785
0.9150777039304915
0.9152104783217452
0.9152104783217452
0.9152104783217452
0.9152278136836887
0.9152278136836887
0.9153473442421551
0.9153473442421551
0.9153473442421551
0.9153473442421551
0.9153473442421551
0.9153473442421551
0.9155213280057669
0.9155213280057669
0.9155213280057669
0.915556636548292
0.9156634304409701
0.9157872376516039
0.9158430208516413
0.9160000766436274
0.9160492605956445
0.91617942212019
0.91617942212019
0.91617942212019
0.916285668128344
0.9164244076513972
0.9164244076513972
0.9164244076513972
0.9164244076513972
0.9164244076513972
0.9164244076513972
0.9164420923716982
0.9164420923716982
0.9165453778408839
0.9165453778408839
0.9165453778408839
0.9165969124353149
0.9165969124353149
0.9166852929729953
0.9167388954523907
0.9168839220961139
0.9168839220961139
0.9171690495960005
0.9171690495960005
0.9171690495960005
0.9173565630894588
0.9173565630894588
0.9173565630894588
0.9174296191388318
0.9174547129651887
0.9174601448776689
0.9174601448776689
0.9174601448776689
0.9174601448776689
0.917476680908444
0.917476680908444
0.917476680908444
0.917476680908444
0.9176603679931925
0.9176603679931925
0.9177328790310062
0.9178018126663164
0.9178018126663164
0.9178304964660381
0.9178304964660381
0.9178304964660381
0.9178304964660381
0.9178304964660381
0.9178304964660381
0.9179029765174322
0.9179029765174322
0.9179205251546041
0.9179205251546041
0.9179205251546041
0.9179205251546041
0.9180646784574545
0.9180646784574545
0.9181079903806331
0.9181079903806331
0.9181079903806331
0.9181079903806331
0.9181079903806331
0.9182598411086239
0.9182691997975108
0.9182691997975108
0.9182691997975108
0.9182691997975108
0.9182691997975108
0.918433952576612
0.918433952576612
0.918433952576612
0.918433952576612
0.9184491361252767
0.9186172290522258
0.9186172290522258
0.9186172290522258
0.9186172290522258
0.9186172290522258
0.9186172290522258
0.9186269772489568
0.9188104964956101
0.9188104964956101
0.9189501392207966
0.9190049207678096
0.9191807410294304
0.9191807410294304
0.9191807410294304
0.9191807410294304
0.9191807410294304
0.9191807410294304
0.9192207393527441
0.9194622163152847
0.9194622163152847
0.9197764841402699
0.9198053843866587
0.9198053843866587
0.9198053843866587
0.9198053843866587
0.9199096368745273
0.9199096368745273
0.9199096368745273
0.9199096368745273
0.9199096368745273
0.9200057068638814
0.9200480530029423
0.9200480530029423
0.9200480530029423
0.9200480530029423
0.9200593888637223
0.9200593888637223
0.9200593888637223
0.920192158048776
0.920192158048776
0.920192158048776
0.920192158048776
0.9202227711333592
0.9202227711333592
0.9203192076568102
0.9203192076568102
0.9203192076568102
0.9203192076568102
0.9203192076568102
0.9203731022682696
0.9203731022682696
0.9204652468441895
0.9206588719363322
0.9206588719363322
0.9206588719363322
0.9206588719363322
0.9206588719363322
0.9206588719363322
0.9206588719363322
0.9206747779840222
0.9206747779840222
0.9206747779840222