0.9023746774514702
0.9027531699384114
0.9030648492789682
0.903540385346862
0.903897641113233
0.9043951968351996
0.9050100273957045
0.9051863732453735
0.9055746356149001
0.9061094574169584
0.9062633051773893
0.906727876847963
0.9069502061067062
0.9072693999174495
0.908016303741618
0.9085025310302667
0.908534655510291
0.9087389308281796
0.9092954694069613
0.9094336817066627
0.9096770273044431
0.9098750704136755
0.9105992519189048
0.9107349399204411
0.9109167896493593
0.9110338559612081
0.9111668598022652
0.9112074061937487
0.9114290302641033
0.9117044507761723
0.9119416786876854
0.912232953957061
0.9124264597825994
0.9124461439160431
0.912761172870639
0.9127938427584852
0.9128861973132729
0.9129379704600701
0.9132610974969018
0.9132610974969018
0.9134272846069632
0.913465827227694
0.9136286421011975
0.9136286421011975
0.9138614016640657
0.9138750012199306
0.9142937351284507
0.9142937351284507
0.9143597115014951
0.9144794913679218
0.9145027729717512
0.9147673635032713
0.9150588262419752
0.9150588262419752
0.9151616962607425
0.9152623624999086
0.915450767655468
0.9157005440458633
0.9157454010912068
0.9158478478349685
0.9160011679097411
0.9162163558908011
0.9162163558908011
0.9162283050906991
0.9164490216837974
0.9165626354204784
0.9165626354204784
0.9166456057200455
0.9167089405584697
0.9167918102272796
0.9169048165631813
0.9169683118209223
0.9170301721712283
0.9171099089428543
0.9172391595947758
0.9172418902248384
0.9173473231401718
0.9174297621617865
0.9174555604990041
0.9174964427842492
0.9175620956893725
0.9176306945357781
0.9176671473454997
0.9177532004810295
0.9179097636343508
0.9182884397355532
0.9183189985683698
0.9184725119110456
0.9185500796040773
0.9185835628747461
0.918606944800838
0.9186975504602208
0.9187762420242578
0.9187762420242578
0.9187762420242578
0.9187762420242578
0.9189225017080728
0.9189225017080728
0.9189225017080728
0.9189525362030868
0.9189525362030868
0.9189525362030868
0.919124679553559
0.919124679553559
0.919124679553559
0.919124679553559
0.919124679553559
0.919124679553559
0.9191280773424967
0.9192123148343796
0.9192450817294452
0.9192535607631928
0.9193352631835934
0.9193352631835934
0.9193892060951108
0.9193892060951108
0.9194766777741428
0.9194766777741428
0.9194766777741428
0.9195578743437215
0.9195624608338003
0.9195624608338003
0.9195624608338003
0.9196676194836878
0.9196681713771321
0.9197376965393991
0.9197376965393991
0.9197376965393991
0.9197376965393991
0.9197708441609506
0.9197708441609506
0.9199107057644317
0.9199107057644317
0.9199183284903895
0.9200655977298936
0.9200655977298936
0.9202574590558233
0.9203844691633484
0.9203844691633484
0.9205389327156694
0.9205389327156694
0.9205389327156694
0.9207138775890589
0.9207293416127664
0.9208505418414711
0.9208808399586009
0.9208808399586009
0.9209215365356002
0.9209215365356002
0.9209680221823794
0.9209680221823794
0.9210459523887813
0.9212030077596978
0.9212030077596978
0.9212030077596978
0.9212811554547228
0.9212835259657826
0.9213083075297879
0.9213106659520053
0.9213106659520053
0.9213147048459054
0.9213147048459054
0.9213147048459054
0.9213847676015514
0.9213847676015514
0.9214751587720788
0.9214751587720788