0.900819277113536
0.900819277113536
0.9017837169542908
0.9026390480619988
0.9026390480619988
0.9029079756584826
0.9035294102770283
0.9035378913514793
0.9039996823288146
0.9045126525738266
0.9047663710413502
0.9053169492717955
0.9057262478696758
0.9059906386455072
0.9072294835467938
0.9072294835467938
0.9072294835467938
0.9072958707213797
0.9076215331734484
0.907700634233342
0.9082175195511762
0.9082999133968549
0.9083776447031634
0.9087910460192695
0.9088721762396196
0.9090287218099962
0.9091327851276151
0.9094959279374084
0.9094959279374084
0.9095239107910912
0.910065416491237
0.910407183628297
0.9104156153007247
0.9104574588746362
0.910750999889632
0.9107725129494214
0.9108580026055342
0.9110034757613905
0.9110034757613905
0.9116979729283231
0.9117278078780042
0.9117679094681007
0.9119247710109857
0.9120299919580483
0.912118430251633
0.9123039893669996
0.9124784861316132
0.9125713350275358
0.9127230873928559
0.9127515090030408
0.9129520329221572
0.9129520329221572
0.913202425618118
0.913202425618118
0.9133033659693715
0.9133442728749387
0.913420615129335
0.9135387670344268
0.9135387670344268
0.9137169443908554
0.9138576005124366
0.9138576005124366
0.9138576005124366
0.9139049429932916
0.9139689465794684
0.9139973323553464
0.9142622505473055
0.9142622505473055
0.9142825860819523
0.9142825860819523
0.9142825860819523
0.9143376859040824
0.9146648793079459
0.9146648793079459
0.9148254827580415
0.9148254827580415
0.9149822960980046
0.9149822960980046
0.9149822960980046
0.9149822960980046
0.9150737767517438
0.9150737767517438
0.9150737767517438
0.9150831184672673
0.9150831184672673
0.9150831184672673
0.9150831184672673
0.9151707609401546
0.9151887705131907
0.9152675174365243
0.9152675174365243
0.9154488996683103
0.9154488996683103
0.9154488996683103
0.9154859141914651
0.9154859141914651
0.9154972657077379
0.9154972657077379
0.9156854679838651
0.9157130055095759
0.9157130055095759
0.9159089579613958
0.9159089579613958
0.9159089579613958
0.9159786803789327
0.9159900200115739
0.9159900200115739
0.9162014926897906
0.9162014926897906
0.9162014926897906
0.9162014926897906
0.9162803650911716
0.9162973958476671
0.9163481794651047
0.9163481794651047
0.9165785593352918
0.9166056358122003
0.9166056358122003
0.9166143598774832
0.9166143598774832
0.9166900451718417
0.9166900451718417
0.9166900451718417
0.9166900451718417
0.9166943365341397
0.9167152819191424
0.916793785551454
0.916793785551454
0.916793785551454
0.916793785551454
0.916793785551454
0.916793785551454
0.9168110129705794
0.9168110129705794
0.9168110129705794
0.9168110129705794
0.9168110129705794
0.9169536443536161
0.9169536443536161
0.9170304999685642
0.9170304999685642
0.9170304999685642
0.9170304999685642
0.9170304999685642
0.9171744155887336
0.9171744155887336
0.9171744155887336
0.9171744155887336
0.9171744155887336
0.9172183795728911
0.9172183795728911
0.9172601499136782
0.9173050920894199
0.9173718984552073
0.9173718984552073
0.9173718984552073
0.9173718984552073
0.9173718984552073
0.9174020185324118
0.9174020185324118
0.9174020185324118
0.9174020185324118
0.9174020185324118
0.9175537899005747
0.9175537899005747
0.9176350853722118
0.9178911407030627
0.9178911407030627
0.9180123983861296
0.9181214174132056
0.9181732265891422
0.9182088747510481
0.9182088747510481
0.9182088747510481
0.9182088747510481
0.9182088747510481
0.9182088747510481
0.9182088747510481
0.9182088747510481
0.918244631795253
0.918244631795253
0.918244631795253
0.918244631795253
0.918244631795253
0.9182763209958641
0.9182763209958641
0.9182763209958641
0.9182763209958641
0.9182763209958641
0.9183976540902147
0.9184194118498206
0.9184194118498206
0.9184194118498206
0.9184550125427267
0.9184600689060033
0.9186547844816839
0.9186615964268635
0.9186615964268635
0.9186878000942885
0.9186878000942885
0.9186878000942885
0.9187787205047896
0.9187787205047896
0.9187787205047896
0.9187787205047896
0.9187787205047896
0.9189717050760363
0.9189717050760363
0.9189717050760363
0.9189717050760363
0.9189717050760363
0.9189717050760363
0.9189717050760363
0.9189717050760363
0.9189717050760363
0.9189717050760363
0.9189717050760363
0.9189717050760363
0.9189717050760363
0.9189717050760363
0.9190202434912261
0.9190202434912261
0.9191671400626961
0.9191671400626961
0.9191671400626961
0.9193252450426062
0.9193252450426062
0.9193252450426062
0.9193252450426062
0.9196217153951974
0.9196217153951974
0.9197425125169721
0.9197425125169721
0.9197425125169721
0.9197425125169721
0.9198114048718959
0.9198559756091674
0.9198559756091674
0.919878216591548
0.919878216591548
0.919878216591548
0.919878216591548
0.919878216591548
0.919878216591548
0.919878216591548
0.919878216591548
0.9200388650132386
0.9200388650132386
0.9200388650132386
0.9201546675537544
0.9201546675537544
0.9201546675537544
0.9201546675537544
0.9201546675537544
0.9201546675537544
0.9201546675537544
0.9201546675537544
0.9201620065991287
0.920330520913115
0.920330520913115
0.920330520913115
0.920330520913115
0.920330520913115
0.9204981500222432
0.9204981500222432
0.9204981500222432
0.9204981500222432
0.9205034930650968
0.9205113052851048
0.9205125830060897
0.9205134422560945
0.9205134422560945
0.9205134422560945
0.9205134422560945
0.9205134422560945
0.9205134422560945
0.9205347180639329
0.9205347180639329
0.9205347180639329
0.9205347180639329
0.9205347180639329
0.9205347180639329
0.9205347180639329
0.9205347180639329
0.9205347180639329
0.920545994974591
0.920545994974591
0.920545994974591
0.920545994974591
0.920545994974591
0.920545994974591
0.920545994974591
0.920545994974591
0.9207159871076038
0.9207159871076038
0.9207159871076038
0.9207159871076038
0.9207159871076038
0.9207159871076038
0.9207897732808172
0.9207897732808172
0.9207897732808172
0.9207897732808172
0.9207897732808172
0.9207963589506274
0.920834917524927
0.9208611538617731
0.9208848731622362
0.9208848731622362
0.9208848731622362
0.9208848731622362
0.9208848731622362
0.9208848731622362
0.9208848731622362
0.9208848731622362
0.9208953252157663
0.920956829224225
0.920956829224225
0.920956829224225
0.920956829224225
0.920956829224225
0.920956829224225
0.920956829224225
0.920956829224225
0.920956829224225
0.920956829224225
0.920956829224225
0.9210050552131731
0.9210740419956315
0.9210740419956315
0.9210911165651678
0.9211878259564399
0.9211878259564399
0.9211878259564399
0.9211878259564399
0.9211878259564399
0.9211878259564399
0.9211878259564399
0.9211878259564399
0.9211878259564399
0.9211878259564399
0.9211878259564399
0.9211878259564399
0.9211878259564399
0.9213368396309148
0.9213368396309148
0.9213368396309148
0.9213368396309148
0.9213368396309148
0.9213368396309148
0.9214589340166883
0.9214589340166883
0.9214589340166883
0.9214589340166883
0.9214589340166883
0.9214589340166883
0.9214589340166883
0.9214754306868833
0.9214754306868833
0.9214754306868833
0.9214847940187887
0.9214847940187887
0.9214847940187887
0.9214847940187887
0.9214847940187887
0.9214847940187887
0.9214847940187887
0.9214847940187887
0.9214847940187887
0.9215278347957496
0.9215720216873371
0.9216520823085833
0.9216520823085833
0.9216520823085833
0.9216520823085833
0.9216524398245074
0.9216524398245074
0.9218452987898706
0.9218452987898706
0.9218452987898706
0.9219740536323703
0.9219740536323703
0.9219740536323703
0.9219740536323703
0.9219740536323703
0.9219740536323703
0.9219740536323703
0.9219740536323703
0.9219740536323703
0.9219833085363028
0.9219833085363028
0.921997388521263
0.921997388521263
0.921997388521263
0.921997388521263
0.921997388521263
0.9221005139164027
0.9221005139164027
0.9221005139164027
0.9221005139164027
0.9221005139164027
0.9221005139164027
0.9221005139164027
0.9221005139164027
0.9221005139164027
0.9221005139164027
0.9221005139164027
0.9221005139164027
0.9221005139164027
0.9221005139164027
0.9222136179167066
0.9222136179167066
0.9222136179167066
0.9222136179167066
0.9222136179167066
0.9222136179167066
0.9222407764712789
0.9222407764712789
0.9222407764712789
0.9222407764712789
0.9222407764712789
0.9222407764712789
0.9222407764712789
0.9222407764712789
0.9222407764712789
0.9222407764712789
0.9222407764712789
0.9222407764712789
0.9222407764712789
0.9223791178720154
0.9225681068481522
0.9225681068481522
0.9226475176102876
0.9226475176102876
0.9226475176102876
0.9226475176102876
0.9226795065275121
0.9226795065275121
0.9227010425654741
0.9227010425654741
0.9227010425654741
0.9227010425654741
0.9227010425654741
0.9227010425654741
0.9227332906745858
0.9227332906745858
0.9227332906745858
0.9227332906745858
0.9227332906745858
0.9227332906745858
0.9227332906745858
0.9227332906745858
0.9227332906745858
0.9227332906745858
0.9227332906745858
0.9227332906745858
0.9227332906745858
0.9227332906745858
0.9227332906745858
0.9227332906745858
0.9227332906745858
0.9227332906745858
0.9227332906745858
0.9227332906745858
0.9227332906745858
0.9227357137733341
0.9227357137733341
0.9227357137733341
0.9227357137733341
0.9227357137733341
0.9227914168981095
0.9227914168981095
0.9227914168981095
0.9228276358862457
0.9229096675992547
0.9229096675992547
0.9229096675992547
0.9229096675992547
0.9229096675992547
0.9229195097004534
0.9229195097004534
0.9229502024494992
0.9229502024494992
0.9229502024494992
0.9229502024494992
0.9229502024494992
0.9229502024494992
0.9229502024494992
0.9229502024494992
0.9229502024494992
0.9230385596472656
0.9230416138484057
0.9230792049191631
0.9230792049191631
0.9230792049191631
0.9230792049191631
0.9230792049191631
0.9230792049191631
0.9231696283480146
0.9231696283480146