0.9007006528714985
0.9025689019413282
0.9028332118179355
0.903243340314577
0.9036004773147395
0.9038284125772302
0.9040149466745551
0.9047165599695142
0.9051792487165405
0.905433077814567
0.9060046015219839
0.9064211367152115
0.9066620635846226
0.9066620635846226
0.9068188225366914
0.9071149804639373
0.9071149804639373
0.9071149804639373
0.9073037149290704
0.9073037149290704
0.9074936955430422
0.907603286267071
0.9077655748253917
0.9078011507129471
0.9081629000908834
0.9081629000908834
0.9082913254328635
0.9085574306489302
0.9087021826177721
0.9087021826177721
0.9087021826177721
0.9087804469010144
0.909004898034395
0.909004898034395
0.909172151616131
0.909172151616131
0.909172151616131
0.9094837862923361
0.9094837862923361
0.9097970729312456
0.9098316707469827
0.9098414527688752
0.9099800883310806
0.9103339619333641
0.9103515231119992
0.9104616241633221
0.9106287152725434
0.9106287152725434
0.9106287152725434
0.9109495980222826
0.9109495980222826
0.9109893740194929
0.9112296506277454
0.9116588103475545
0.9117281730096107
0.9117281730096107
0.9117281730096107
0.9117655155364343
0.9118877626238995
0.9119114771192156
0.9120951268516945
0.9120951268516945
0.9120951268516945
0.9120951268516945
0.9120951268516945
0.9124024657140445
0.9124024657140445
0.9125490863797128
0.9125490863797128
0.9125490863797128
0.9125490863797128
0.9126763158643271
0.9126763158643271
0.9126763158643271
0.9126763158643271
0.9126809151412927
0.9126832119707455
0.9126832119707455
0.9126832119707455
0.9126832119707455
0.9127957445645306
0.9127957445645306
0.9128273832218323
0.9128273832218323
0.9128273832218323
0.9128273832218323
0.9128273832218323
0.9128273832218323
0.9128342470957077
0.9128342470957077
0.9128342470957077
0.9128342470957077
0.9133010226966863
0.9133010226966863
0.9133010226966863
0.9133010226966863
0.9133010226966863
0.9133010226966863
0.9133010226966863
0.9133010226966863
0.9133010226966863
0.9133010226966863
0.9133484075700921
0.9133484075700921
0.9134312284010937
0.9134312284010937
0.9134312284010937
0.9134312284010937
0.9134312284010937
0.9134312284010937
0.9134312284010937
0.9134312284010937
0.9134312284010937
0.9135227082272876
0.9136403746350833
0.9137865838281483
0.9137865838281483
0.9139161464071898
0.9139161464071898
0.9139161464071898
0.9139161464071898
0.9139161464071898
0.9139161464071898
0.9139161464071898
0.9139161464071898
0.9139161464071898
0.913937045283807
0.9140576390395153
0.9140576390395153
0.9140576390395153
0.9140576390395153
0.9142069127558524
0.9142069127558524
0.9142069127558524
0.9143951451767836
0.9143951451767836
0.9143951451767836
0.9143951451767836
0.9143951451767836
0.9143951451767836
0.9143951451767836
0.9144412146022313
0.9144412146022313
0.9144596718407882
0.9147997713274847
0.9147997713274847
0.9147997713274847
0.9147997713274847
0.9147997713274847
0.9147997713274847
0.9147997713274847
0.9147997713274847
0.9147997713274847
0.9147997713274847
0.9147997713274847
0.9147997713274847
0.9147997713274847
0.9147997713274847
0.9147997713274847
0.9147997713274847
0.9147997713274847
0.9147997713274847
0.9147997713274847
0.9147997713274847
0.9147997713274847
0.9147997713274847
0.914900713496042
0.914900713496042
0.914900713496042
0.914900713496042
0.9149507719046294
0.9149507719046294
0.9149507719046294
0.9150646880139788
0.9150646880139788
0.9150646880139788
0.9151548519231025
0.9151548519231025
0.9152790565827507
0.9152790565827507
0.9152790565827507
0.9152790565827507
0.9152790565827507
0.9152790565827507
0.9152790565827507
0.9153125137121358
0.9153125137121358
0.9153125137121358
0.9153125137121358
0.9153374572365904
0.9156203617825065
0.9156203617825065
0.9156203617825065
0.9156203617825065
0.9157134582789754
0.9157134582789754
0.9160041338667836
0.9160041338667836
0.9160041338667836
0.9160041338667836
0.9160041338667836
0.9160041338667836
0.9160041338667836
0.9160041338667836
0.9160041338667836
0.9160041338667836
0.9160041338667836
0.9160041338667836
0.9160041338667836
0.9160041338667836
0.9160041338667836
0.9160041338667836
0.9160041338667836
0.9160041338667836
0.9160041338667836
0.9160041338667836
0.9160041338667836
0.9160041338667836
0.9160041338667836
0.9160041338667836
0.9160041338667836
0.9160723775430969
0.9160723775430969
0.9160723775430969
0.9160723775430969
0.9160723775430969
0.9161061282978231
0.9161061282978231
0.9161061282978231
0.9161061282978231
0.9161061282978231
0.9161061282978231
0.9161061282978231
0.9161061282978231
0.9161061282978231
0.9161061282978231
0.9161061282978231
0.9161061282978231
0.916239984311045
0.916239984311045
0.9163015867103652
0.9163015867103652
0.9163015867103652
0.9163015867103652
0.9163015867103652
0.9163015867103652
0.9163015867103652
0.9163408462002586
0.916712226022137
0.916712226022137
0.916712226022137
0.916712226022137
0.916712226022137
0.916712226022137
0.916712226022137
0.916712226022137
0.916712226022137
0.916712226022137
0.916712226022137
0.9167601511287722
0.9167601511287722
0.9167601511287722
0.9167601511287722
0.9167601511287722
0.9167601511287722
0.9167601511287722
0.9167601511287722
0.9167601511287722
0.9167601511287722
0.9167601511287722
0.9167601511287722
0.9167601511287722
0.9167601511287722
0.9167601511287722
0.9167601511287722
0.9167601511287722
0.9167601511287722
0.9167601511287722
0.9167601511287722
0.9170307871448955
0.9170307871448955
0.9170307871448955
0.9170307871448955
0.9170307871448955
0.9170307871448955
0.9170307871448955
0.9170307871448955
0.9170307871448955
0.9170307871448955
0.9170307871448955
0.9170307871448955
0.9170307871448955
0.9170307871448955
0.9170307871448955
0.9171639215824648
0.9171639215824648
0.9171639215824648
0.9171639215824648
0.9171639215824648
0.9171639215824648
0.9171639215824648
0.9171639215824648
0.9171639215824648
0.9171639215824648
0.9171639215824648
0.9171639215824648
0.9171639215824648
0.9171639215824648
0.9171639215824648
0.917175956186358
0.917175956186358
0.917175956186358
0.917175956186358
0.917175956186358
0.917175956186358
0.917175956186358
0.917175956186358
0.917175956186358
0.917175956186358
0.917175956186358
0.917175956186358
0.917175956186358
0.917175956186358
0.917175956186358
0.917395018682726
0.917395018682726
0.917395018682726
0.917395018682726
0.917395018682726
0.917395018682726
0.917395018682726
0.917395018682726
0.917395018682726
0.917395018682726
0.917395018682726
0.917395018682726
0.917395018682726
0.917395018682726
0.9174790061751752
0.9174790061751752
0.9174790061751752
0.9174790061751752
0.9174790061751752
0.9174790061751752
0.9174790061751752
0.9174790061751752
0.9174790061751752
0.9174790061751752
0.9174790061751752
0.9174790061751752
0.9174790061751752
0.9174790061751752
0.9174790061751752
0.9174790061751752
0.9174790061751752
0.9174790061751752
0.917508703096925
0.917508703096925
0.917508703096925
0.917508703096925
0.917508703096925
0.917508703096925
0.917508703096925
0.917508703096925
0.917508703096925
0.917508703096925
0.917508703096925
0.917508703096925
0.917508703096925
0.917508703096925
0.917566678350253
0.917566678350253
0.917566678350253
0.917566678350253
0.917566678350253
0.917566678350253
0.917566678350253
0.917566678350253
0.917566678350253
0.917566678350253
0.917566678350253
0.917566678350253
0.917566678350253
0.917566678350253
0.917566678350253
0.917566678350253
0.917566678350253
0.917566678350253
0.917566678350253
0.917566678350253
0.917566678350253
0.917566678350253
0.917566678350253
0.917566678350253
0.917566678350253
0.917566678350253
0.917566678350253
0.9176097429440938
0.9176097429440938
0.9176097429440938
0.9177389141504407
0.9177389141504407
0.9177389141504407
0.9177389141504407
0.9177389141504407
0.9178605383579888
0.9178605383579888
0.9178605383579888
0.9178605383579888
0.9178605383579888
0.9178605383579888
0.9178605383579888
0.9178605383579888
0.9178605383579888
0.9178605383579888
0.9178605383579888
0.9178605383579888
0.9178605383579888
0.9179367911746841
0.9179367911746841
0.9179367911746841
0.9179367911746841
0.9179367911746841
0.9179367911746841
0.9179367911746841
0.9179367911746841
0.9179367911746841
0.9179367911746841
0.9180382494388196
0.9182190733672745
0.9182190733672745
0.9182190733672745
0.9182190733672745
0.9182190733672745
0.9182650797060224
0.9182650797060224
0.9182650797060224
0.9182650797060224
0.9182650797060224
0.9182650797060224
0.9182650797060224
0.9182650797060224
0.9182650797060224
0.9182650797060224
0.9182650797060224
0.9182650797060224
0.9182650797060224
0.9182650797060224
0.9182650797060224
0.9182650797060224
0.9182650797060224
0.9182650797060224
0.9182650797060224
0.9182650797060224
0.9182650797060224
0.9182650797060224
0.9182650797060224
0.9182650797060224
0.9182650797060224
0.9183244714076907
0.9183244714076907
0.9183244714076907
0.9184066879907848
0.9184066879907848
0.9184066879907848
0.9184066879907848
0.9184066879907848
0.9184066879907848
0.9184066879907848
0.9184066879907848
0.9184066879907848
0.9184066879907848
0.9184066879907848
0.9184066879907848
0.9184066879907848
0.9184066879907848
0.9184066879907848
0.9184066879907848
0.9184066879907848
0.9184066879907848
0.9184066879907848
0.9184066879907848
0.9184066879907848
0.9184066879907848
0.9184066879907848
0.9184066879907848
0.9184066879907848
0.9184066879907848
0.9184066879907848
0.9184066879907848
0.9184066879907848
0.9184066879907848
0.9184066879907848
0.9184066879907848
0.9184066879907848
0.9184066879907848
0.9184066879907848
0.9184267002463201
0.9184267002463201
0.9184267002463201