0.903520046183671
0.904750682545024
0.9052033874584714
0.9059408525082012
0.9068285198679901
0.906963164058331
0.9072529614804916
0.9080456710844966
0.9085604223851415
0.9086049559529142
0.9090733612926738
0.9095625165787533
0.9097026668661061
0.9097223466458714
0.9098217947728984
0.910289739350878
0.9105089895008761
0.9107509838114103
0.9112966389449858
0.911803002825512
0.9117513183487448
0.9118911775097084
0.9123877803747417
0.9120898580683575
0.9124806980625055
0.9125340475751139
0.9124783281907595
0.9122834376030922
0.9124064337538337
0.912422619260156
0.9126064737628085
0.9129061934736945
0.9131036670981474
0.9130601428733489
0.9131426799458348
0.9132039051640191
0.9134673451841134
0.9132951709459639
0.9132189190164561
0.9133404533564287
0.9133237969160952
0.913543134756154
0.9133918344074359
0.9131773773463285
0.913293037786049
0.9132816984088229
0.9133273686916825
0.913707825201874
0.9135252883791202
0.9136064060348122