0.9024340340574717
0.9033616231261988
0.9038685290618158
0.9049257201419946
0.9054321701990263
0.90611772415905
0.9067527698625344
0.9077674087654017
0.9082590047305665
0.908559964470727
0.9090998306641271
0.9096476578347332
0.9097765498545841
0.9100955250536304
0.9109703284574517
0.9114217572984047
0.9117829433695518
0.912091909175016
0.9122856096915872
0.9126563684721665
0.9130931263305158
0.913373315014338
0.913373605329127
0.9137677738638739
0.9139931031936175
0.9140786070676821
0.9142106289339351
0.9144545720676268
0.9145816824991991
0.914711867846968
0.9149280552514129
0.9150539287493007
0.915085757253644
0.9156964638334476
0.9158033443317464
0.91596976522244
0.916043858410956
0.9160531846756071
0.9161113669522459
0.9163535455901172
0.9163371692550011
0.9164232537940675
0.9164233605292587
0.9163363490637375
0.9163887391145595
0.9163887731505146
0.9163887731505146
0.9164857880442693
0.9165536065236374
0.9168426724709718