0.9034508424352036
0.9045468530724875
0.9051055700902902
0.9061901683992826
0.9070185371624649
0.9074022509579397
0.9080531209954708
0.9086586310967315
0.9089493976942273
0.9096567272440953
0.9103494562326405
0.9106931337133134
0.9112864557682756
0.9113201612698885
0.9113201612698885
0.9114703396239492
0.912027014899248
0.912027014899248
0.9122011397350016
0.9124108151950746
0.9124108151950746
0.9128663979640925
0.9136581562081769
0.9136581562081769
0.9136581562081769
0.9136581562081769
0.9136581562081769
0.9136581562081769
0.9136742938463606
0.9139014809693458
0.9139014809693458
0.9139014809693458
0.9139014809693458
0.9139014809693458
0.9139166685834546
0.9143905954939271
0.9144212708103394
0.9144212708103394
0.9148990441361872
0.9148990441361872
0.9148990441361872
0.9148990441361872
0.9148990441361872
0.9148990441361872
0.9148990441361872
0.9148990441361872
0.9148990441361872
0.9149162449674989
0.9149162449674989
0.9149701020310741