0.9021597317878366
0.9032886780048576
0.9044585283310667
0.9052813616395599
0.9061031764978261
0.9066117199091347
0.9072509275339727
0.9082935593289106
0.9087777060595832
0.9094914996862211
0.9097166481598465
0.910234352120045
0.9107909158650502
0.9109300136951516
0.9111843872385023
0.9116911948694227
0.9121757511848865
0.9126623767742365
0.9127677250026728
0.9129331805362775
0.9134285471814739
0.9135586022305473
0.9141999810521966
0.9146798745477221
0.9148096338784628
0.914919830316705
0.9151388877113612
0.9152629927293106
0.915355935952754
0.9157429998938119
0.9160565743251879
0.9160565743251879
0.9162731528629073
0.9162787880198148
0.9163669339828535
0.9164466851681655
0.9164466851681655
0.9166313174830558
0.916633360678446
0.9167100106926865
0.9167817081273465
0.9168860607499055
0.9168867758202385
0.917062164217473
0.9173666936230467
0.9174676250679619
0.9176246835866121
0.9176246835866121
0.9176246835866121
0.9177398292827149