0.9029673145394452
0.9050717410301372
0.9067755617813208
0.9072462771517652
0.9079670907298936
0.9091265188394231
0.9092483850243226
0.9095932012754284
0.9103455518797477
0.9105160909548766
0.9106362518747136
0.9111132733303636
0.9115841137316406
0.9123561018677209
0.9125611321390907
0.9130593165482702
0.9130593165482702
0.9132138010356022
0.9132138010356022
0.913253097547986
0.913396084374557
0.9134360958980768
0.9137246781322913
0.9138456813538485
0.9139192701931779
0.9142221424445109
0.9143763650665109
0.9144745885342709
0.9144745885342709
0.9146054826819174
0.9146054826819174
0.9146054826819174
0.9146054826819174
0.9147121451887388
0.9147121451887388
0.9147989545794961
0.9150136844664679
0.9153172788735185
0.9156924748532171
0.9156924748532171
0.9156924748532171
0.9156924748532171
0.9156924748532171
0.9156924748532171
0.9157234139004315
0.9157234139004315
0.9157234139004315
0.9157234139004315
0.9157234139004315
0.9157445773047773