0.9030862714893684
0.9045177654834892
0.9062610646752894
0.9068010227692291
0.9081496356876552
0.9086669542359315
0.909233611132241
0.9095658487158956
0.9101556811000387
0.9107845143994658
0.9115020253768885
0.9116171168941495
0.9117583570205348
0.912235058642976
0.9123561692192956
0.9125337491355585
0.9130077258206285
0.9130443121944557
0.9132714520241099
0.9135469158671731
0.9136988296322526
0.9144293496482345
0.9144293496482345
0.9146006440268569
0.9148959708754525
0.915049310977041
0.9151864679118533
0.9151864679118533
0.915814400805873
0.9160703104709393
0.9161394734466931
0.9161394734466931
0.9164766094505016
0.9164766094505016
0.9165349496441934
0.9165349496441934
0.9168672250478817
0.9169203990292524
0.9172137978189646
0.9172314923665473
0.9173356792753512
0.9173356792753512
0.9173765412884638
0.9174863429035087
0.9176249941485968
0.9176249941485968
0.9179731274274383
0.9180889385212673
0.9181948652078483
0.9183709594048773