0.9035335460586427
0.9049141285924482
0.9056669881044055
0.9069094711939901
0.907514775431728
0.9082488449890112
0.9086493886208303
0.9094031466926166
0.9101667603324847
0.9109371398430812
0.9114083026270006
0.9118082904490875
0.911923407582417
0.9122055035867576
0.9126302619297273
0.913133492185073
0.9132119931592804
0.9133622687124875
0.9137526877274097
0.9143793710890608
0.9146974673764027
0.914822205150987
0.9149675852690434
0.9158215423730486
0.9158215423730486
0.9158215423730486
0.9158215423730486
0.9160902979204405
0.9160902979204405
0.9162185839589512
0.9163908194241536
0.9163908194241536
0.9163908194241536
0.9163908194241536
0.9163908194241536
0.916425378235993
0.9165656365302505
0.9169934926232827
0.9169934926232827
0.9169934926232827
0.9173112916128677
0.9173112916128677
0.9173112916128677
0.9173112916128677
0.9174418662015968
0.9175651092299285
0.9175651092299285
0.9177281015615315
0.9177281015615315
0.9177281015615315