0.9021335026616547
0.9030712275908502
0.9035640504626309
0.9039823730641342
0.9039823730641342
0.9039823730641342
0.9039823730641342
0.904243561586687
0.9048582448763145
0.9058877298232537
0.9060236191467393
0.9062120758806596
0.9064325404842597
0.9064325404842597
0.9067133712457914
0.907581723956745
0.907581723956745
0.907581723956745
0.907581723956745
0.907581723956745
0.907581723956745
0.9080195064275642
0.908377780061998
0.908377780061998
0.908377780061998
0.908377780061998
0.9085564437362013
0.9085564437362013
0.9085564437362013
0.9088233577699244
0.9090082335861015
0.9090082335861015
0.9091874612924615
0.9096144094566233
0.9096682657892465
0.9096682657892465
0.9096682657892465
0.9096682657892465
0.9101100470235814
0.9101100470235814
0.9101100470235814
0.9101100470235814
0.9101677859043811
0.9101677859043811
0.9101677859043811
0.9101677859043811
0.9101677859043811
0.9101677859043811
0.9101677859043811
0.9101677859043811
0.9103805581834595
0.9103805581834595
0.9103805581834595
0.9110066135195931
0.9110066135195931
0.9110066135195931
0.9110066135195931
0.9110066135195931
0.9110066135195931
0.9110066135195931
0.9110066135195931
0.9110066135195931
0.9110066135195931
0.9110066135195931
0.9110066135195931
0.9110066135195931
0.9110066135195931
0.9110066135195931
0.9110066135195931
0.9111465271282001
0.9111465271282001
0.9111465271282001
0.9111465271282001
0.9111465271282001
0.9111465271282001
0.9111465271282001
0.9111465271282001
0.9111465271282001
0.9111465271282001
0.9111465271282001
0.9111465271282001
0.9111465271282001
0.9111465271282001
0.9113693791667242
0.9119464597735286
0.9119464597735286
0.9119464597735286
0.9119464597735286
0.9119464597735286
0.9119464597735286
0.9119464597735286
0.9119464597735286
0.9119464597735286
0.9119464597735286
0.9119464597735286
0.9119464597735286
0.9119464597735286
0.9119464597735286
0.9119464597735286
0.9119464597735286
0.9119464597735286
0.9119464597735286
0.9119464597735286
0.9119464597735286
0.9119464597735286
0.9119464597735286
0.9119464597735286
0.9119464597735286
0.9119464597735286
0.9119464597735286
0.9119464597735286
0.9119464597735286
0.9119464597735286
0.9119464597735286
0.9119464597735286
0.9122574396683579
0.9122574396683579
0.9122574396683579
0.9122574396683579
0.9122574396683579
0.9122574396683579
0.9122574396683579
0.9122574396683579
0.9122574396683579
0.9122574396683579
0.9122574396683579
0.9122574396683579
0.9122574396683579
0.9122574396683579
0.9122574396683579
0.9124508891460054
0.9124508891460054
0.9124508891460054
0.9124508891460054
0.912726618134406
0.912726618134406
0.912726618134406
0.912726618134406
0.912726618134406
0.912726618134406
0.912726618134406
0.912726618134406
0.912726618134406
0.912726618134406
0.912726618134406
0.912726618134406
0.912726618134406
0.912726618134406
0.912726618134406
0.912726618134406
0.912726618134406
0.912726618134406
0.912726618134406
0.912726618134406
0.912726618134406
0.912726618134406
0.912726618134406
0.912726618134406
0.912726618134406
0.912726618134406
0.912726618134406
0.912726618134406
0.912726618134406
0.912726618134406
0.912726618134406
0.912726618134406
0.912726618134406
0.912726618134406
0.912726618134406
0.912726618134406
0.912726618134406
0.912726618134406
0.912726618134406
0.912726618134406
0.912726618134406
0.912726618134406
0.912726618134406
0.912726618134406
0.912726618134406
0.912726618134406
0.9127804971715191
0.9127804971715191
0.9127804971715191
0.9127804971715191
0.9127804971715191
0.9127804971715191
0.9127804971715191
0.9127804971715191
0.9127804971715191
0.9127804971715191
0.9127804971715191
0.9127804971715191
0.9127804971715191
0.9127804971715191
0.9127804971715191
0.9127804971715191
0.9127804971715191
0.9127804971715191
0.9127804971715191
0.9127804971715191
0.9127804971715191
0.9127804971715191
0.9127804971715191
0.9127804971715191
0.9127804971715191
0.9127804971715191
0.9127804971715191
0.9127804971715191
0.9127804971715191
0.9127804971715191
0.9128036710554099
0.9128036710554099
0.9128036710554099
0.9128036710554099
0.9128036710554099
0.9128036710554099
0.9128036710554099
0.9128036710554099
0.9128036710554099
0.9128036710554099
0.9128886416384862
0.9128886416384862
0.9128886416384862
0.9128886416384862
0.9128886416384862
0.9128886416384862
0.9129898074665853
0.9129898074665853
0.9129898074665853
0.9133197283026532
0.9133197283026532
0.9133197283026532
0.9133197283026532
0.9133197283026532
0.9133197283026532
0.9139192100572339
0.9139192100572339
0.9139192100572339
0.9139192100572339
0.9139192100572339
0.9139192100572339
0.9139192100572339
0.9139192100572339
0.9139192100572339
0.9139192100572339
0.9139192100572339
0.9139192100572339
0.9139192100572339
0.9139192100572339
0.9139192100572339
0.9139192100572339
0.9139192100572339
0.9139192100572339
0.9139192100572339
0.9139192100572339
0.9139192100572339
0.9139192100572339
0.9139192100572339
0.9139192100572339
0.9139192100572339
0.9139192100572339
0.9139192100572339
0.9139192100572339
0.9139192100572339
0.9139192100572339
0.9139192100572339
0.9140459384212103
0.9140459384212103
0.9140459384212103
0.9140459384212103
0.9140459384212103
0.9140459384212103
0.9140459384212103
0.9140459384212103
0.9140459384212103
0.9140459384212103
0.9140459384212103
0.9140459384212103
0.9140459384212103
0.9140459384212103
0.9140459384212103
0.9140925273050363
0.9140925273050363
0.9142336368141991
0.9142336368141991
0.9142336368141991
0.9142336368141991
0.9142336368141991
0.9142336368141991
0.9142336368141991
0.9142336368141991
0.9142336368141991
0.9142336368141991
0.9142336368141991
0.9142336368141991
0.9142336368141991
0.9142336368141991
0.9142336368141991
0.9142336368141991
0.9142336368141991
0.9142336368141991
0.9142336368141991
0.9142336368141991
0.9142336368141991
0.9142336368141991
0.9142336368141991
0.9142336368141991
0.9142336368141991
0.9142336368141991
0.9142336368141991
0.9142336368141991
0.9142336368141991
0.9142336368141991
0.9142336368141991
0.9142336368141991
0.9142336368141991
0.9142336368141991
0.9142336368141991
0.9142336368141991
0.9142336368141991
0.9142336368141991
0.9142336368141991
0.9142336368141991
0.9142336368141991
0.9142336368141991
0.9142336368141991
0.9142975628837954
0.9142975628837954
0.9142975628837954
0.9142975628837954
0.9142975628837954
0.9142975628837954
0.9142975628837954
0.9142975628837954
0.9142975628837954
0.9142975628837954
0.9142975628837954
0.9142975628837954
0.9142975628837954
0.9142975628837954
0.9142975628837954
0.9142975628837954
0.9142975628837954
0.9142975628837954
0.9142975628837954
0.9142975628837954
0.9142975628837954
0.9142975628837954
0.9142975628837954
0.9142975628837954
0.9142975628837954
0.9142975628837954
0.9142975628837954
0.9142975628837954
0.9142975628837954
0.9142975628837954
0.9142975628837954
0.9142975628837954
0.9142975628837954
0.9142975628837954
0.9142975628837954
0.9142975628837954
0.9142975628837954
0.9142975628837954
0.9142975628837954
0.9142975628837954
0.9142975628837954
0.9142975628837954
0.9142975628837954
0.9142975628837954
0.9142975628837954
0.9142975628837954
0.9142975628837954
0.9142975628837954
0.9142975628837954
0.9142975628837954
0.9142975628837954
0.9142975628837954
0.9142975628837954
0.9142975628837954
0.9142975628837954
0.9142975628837954
0.9142975628837954
0.9142975628837954
0.9142975628837954
0.9142975628837954
0.9142975628837954
0.9142975628837954
0.9142975628837954
0.9142975628837954
0.9142975628837954
0.9142975628837954
0.9142975628837954
0.9142975628837954
0.9142975628837954
0.9142975628837954
0.9142975628837954
0.9142975628837954
0.9142975628837954
0.9142975628837954
0.9142975628837954
0.9142975628837954
0.9142975628837954
0.9142975628837954
0.9142975628837954
0.9142975628837954
0.9142975628837954
0.9142975628837954
0.9142975628837954
0.9142975628837954
0.9142975628837954
0.9142975628837954
0.9142975628837954
0.9142975628837954
0.9142975628837954
0.9142975628837954
0.9142975628837954
0.9142975628837954
0.9142975628837954
0.9142975628837954
0.9142975628837954
0.9142975628837954
0.9142975628837954
0.9142975628837954
0.9142975628837954
0.9142975628837954
0.9142975628837954
0.9142975628837954
0.9142975628837954
0.9142975628837954
0.9142975628837954
0.9142975628837954
0.9142975628837954
0.9142975628837954
0.9142975628837954
0.9142975628837954
0.9142975628837954
0.9142975628837954
0.9142975628837954
0.9142975628837954
0.9142975628837954
0.9142975628837954
0.9142975628837954
0.9142975628837954
0.9142975628837954
0.9142975628837954
0.9142975628837954
0.9142975628837954
0.9142975628837954
0.9142975628837954
0.9142975628837954
0.9142975628837954
0.9142975628837954
0.9142975628837954
0.9142975628837954
0.9142975628837954
0.9142975628837954
0.9142975628837954
0.9142975628837954
0.9142975628837954
0.9142975628837954
0.9142975628837954
0.9142975628837954
0.9142975628837954
0.9142975628837954
0.9142975628837954
0.9142975628837954
0.9142975628837954
0.9142975628837954
0.9142975628837954
0.9142975628837954
0.9142975628837954
0.9142975628837954
0.9142975628837954
0.9142975628837954
0.9142975628837954
0.9142975628837954
0.9142975628837954
0.9142975628837954
0.9142975628837954
0.9142975628837954
0.9142975628837954
0.9142975628837954
0.9142975628837954
0.9142975628837954
0.9142975628837954
0.9142975628837954
0.9142975628837954
0.9142975628837954
0.9142975628837954
0.9142975628837954
0.9142975628837954
0.9142975628837954
0.9142975628837954
0.9142975628837954
0.9142975628837954
0.9142975628837954
0.9142975628837954
0.9142975628837954
0.9142975628837954