0.9007546611828587
0.9012625656962339
0.9025209082579895
0.9029419723133602
0.9036592757972655
0.9036592757972655
0.903944789171578
0.9040415662970831
0.9042994658456425
0.9046101687010436
0.9048494988736654
0.9050485151666942
0.9056096551485974
0.9058346919083422
0.9058346919083422
0.9061651536059026
0.9069212657208205
0.9070514956652441
0.907568567959168
0.907568567959168
0.9083874954705117
0.9083874954705117
0.9086130406616364
0.9087129814697411
0.9088596538868037
0.9092961094897113
0.9092961094897113
0.9097271303388648
0.9097271303388648
0.9101044550010562
0.9103554961430447
0.9103554961430447
0.910397920441044
0.9107749365529445
0.9107749365529445
0.9107749365529445
0.9107749365529445
0.9107749365529445
0.9107749365529445
0.9107749365529445
0.9107749365529445
0.9107749365529445
0.9107749365529445
0.9107749365529445
0.9107749365529445
0.9110065248788738
0.9110065248788738
0.9110065248788738
0.9110065248788738
0.9110065248788738
0.9110065248788738
0.9110065248788738
0.9113526569977953
0.9120483948490751
0.9120483948490751
0.9120483948490751
0.9120483948490751
0.9120483948490751
0.9120483948490751
0.9120483948490751
0.9120483948490751
0.9120483948490751
0.9120483948490751
0.9120483948490751
0.9120483948490751
0.9120483948490751
0.9120483948490751
0.9120483948490751
0.9120483948490751
0.91214891072458
0.91214891072458
0.91214891072458
0.91214891072458
0.91214891072458
0.91214891072458
0.9122401046048025
0.9123919388518945
0.9123919388518945
0.9123919388518945
0.9123919388518945
0.9126571666715109
0.9126571666715109
0.9126571666715109
0.9126571666715109
0.9127101663543233
0.9127901933497267
0.9127901933497267
0.9127901933497267
0.9127901933497267
0.9127901933497267
0.9127901933497267
0.9127901933497267
0.9127901933497267
0.9127901933497267
0.9127901933497267
0.9127901933497267
0.9127901933497267
0.912839086070121
0.912839086070121
0.912839086070121
0.9128872688558395
0.9128872688558395
0.9128872688558395
0.9128872688558395
0.9128872688558395
0.9129105041513654
0.9132158998263086
0.9132158998263086
0.9132158998263086
0.9132158998263086
0.9132158998263086
0.9133996376074975
0.9133996376074975
0.9133996376074975
0.9133996376074975
0.9133996376074975
0.9133996376074975
0.9135020911719786
0.9135919307004635
0.9137098591118752
0.9137098591118752
0.9137098591118752
0.9137098591118752
0.9137953096274312
0.9137953096274312
0.9138718701369155
0.9138718701369155
0.9138718701369155
0.9138718701369155
0.9138718701369155
0.9138718701369155
0.9138718701369155
0.9138718701369155
0.9139457667759722
0.9139457667759722
0.9139457667759722
0.9139457667759722
0.9140531745453458
0.9140531745453458
0.9140531745453458
0.9140531745453458
0.9140531745453458
0.9140531745453458
0.9142158284981245
0.9143204583443385
0.9143204583443385
0.9143585546428347
0.9143585546428347
0.9143585546428347
0.9143585546428347
0.9143585546428347
0.9143585546428347
0.9144251409036861
0.9144251409036861
0.9144251409036861
0.9144251409036861
0.9144251409036861
0.9144251409036861
0.9144251409036861
0.9144251409036861
0.9144251409036861
0.9144251409036861
0.9144251409036861
0.9145057037186899
0.9145057037186899
0.9145057037186899
0.9145057037186899
0.9145057037186899
0.9145057037186899
0.9145057037186899
0.9145057037186899
0.9145057037186899
0.9145057037186899
0.9145057037186899
0.914518105660726
0.9146666590854471
0.9146666590854471
0.914696147782896
0.914696147782896
0.9147270821809129
0.9147270821809129
0.9147270821809129
0.9149499062085085
0.9149499062085085
0.9149499062085085
0.9149499062085085
0.9149499062085085
0.9149499062085085
0.9149499062085085
0.9149499062085085
0.9150075818731102
0.9150075818731102
0.9150075818731102
0.9150075818731102
0.9150075818731102
0.9150075818731102
0.9150075818731102
0.9153778362417406
0.9153778362417406
0.9153778362417406
0.9153778362417406
0.9153778362417406
0.9153778362417406
0.9153778362417406
0.9153778362417406
0.9153778362417406
0.9153778362417406
0.9153778362417406
0.9153778362417406
0.9153778362417406
0.9153778362417406
0.9153778362417406
0.9153778362417406
0.9153778362417406
0.9153778362417406
0.9153778362417406
0.9153778362417406
0.9153778362417406
0.9153778362417406
0.9155894200486822
0.9155894200486822
0.9155894200486822
0.9155894200486822
0.9155894200486822
0.9155894200486822
0.9155894200486822
0.9155894200486822
0.9155894200486822
0.9155894200486822
0.9155894200486822
0.9155894200486822
0.9156061324206055
0.9156061324206055
0.9156061324206055
0.9156061324206055
0.9156061324206055
0.9156061324206055
0.9156061324206055
0.9156061324206055
0.9156061324206055
0.9156061324206055
0.9156061324206055
0.9156061324206055
0.9156061324206055
0.9156061324206055
0.9156061324206055
0.9156061324206055
0.9156061324206055
0.9156061324206055
0.9156061324206055
0.9156061324206055
0.9156061324206055
0.9156061324206055
0.9156393270489583
0.9156393270489583
0.915679665052071
0.9160720194910483
0.9160720194910483
0.9160720194910483
0.9161872551081192
0.9161872551081192
0.9161872551081192
0.9161872551081192
0.9161872551081192
0.9161872551081192
0.9161872551081192
0.9161872551081192
0.9161872551081192
0.9161872551081192
0.9161872551081192
0.9161872551081192
0.9161872551081192
0.9161872551081192
0.9161872551081192
0.9161872551081192
0.9161872551081192
0.9161872551081192
0.9161872551081192
0.9161872551081192
0.9161872551081192
0.9161872551081192
0.9161872551081192
0.9161872551081192
0.9161872551081192
0.9161872551081192
0.9161872551081192
0.9161872551081192
0.9161872551081192
0.9161872551081192
0.9161872551081192
0.9161872551081192
0.9161872551081192
0.9161872551081192
0.9163402441015409
0.9163402441015409
0.9163402441015409
0.9163402441015409
0.9166293737806589
0.9170716277376463
0.9170716277376463
0.9170716277376463
0.9170716277376463
0.9170716277376463
0.9170716277376463
0.9172157087035125
0.9172157087035125
0.9172157087035125
0.9172157087035125
0.9172157087035125
0.9172506412674687
0.9172506412674687
0.9172506412674687
0.9172506412674687
0.9172506412674687
0.9172506412674687
0.9172506412674687
0.9172506412674687
0.9172506412674687
0.9173154851141665
0.9173154851141665
0.9173154851141665
0.917813667611072
0.9179130822117166
0.9179234254315471
0.9179234254315471
0.9179234254315471
0.9179234254315471
0.9179234254315471
0.9179234254315471
0.9179234254315471
0.9179234254315471
0.9179234254315471
0.9179234254315471
0.9179234254315471
0.9179234254315471
0.9179234254315471
0.9179234254315471
0.9179234254315471
0.9179234254315471
0.9179234254315471
0.9179234254315471
0.9179234254315471
0.9179234254315471
0.9179234254315471
0.9179234254315471
0.9179234254315471
0.9179234254315471
0.9179234254315471
0.9179234254315471
0.9179234254315471
0.9179234254315471
0.9179234254315471
0.9179234254315471
0.9179234254315471
0.9179234254315471
0.9179234254315471
0.9179234254315471
0.9179234254315471
0.9179234254315471
0.9179234254315471
0.9179234254315471
0.9179234254315471
0.9179234254315471
0.9179234254315471
0.9179234254315471
0.9179234254315471
0.9179234254315471
0.9179234254315471
0.9179234254315471
0.9179234254315471
0.9179234254315471
0.9179234254315471
0.9179234254315471
0.9179234254315471
0.9179654548669354
0.9179654548669354
0.9179654548669354
0.9179654548669354
0.9179654548669354
0.9179654548669354
0.9179654548669354
0.9179654548669354
0.9179654548669354
0.9179654548669354
0.9179654548669354
0.9179654548669354
0.918000889870053
0.918000889870053
0.918000889870053
0.918000889870053
0.918000889870053
0.918000889870053
0.918000889870053
0.918000889870053
0.918000889870053
0.918000889870053
0.918000889870053
0.918000889870053
0.918000889870053
0.918000889870053
0.918231575183028
0.918231575183028
0.918231575183028
0.918231575183028
0.918231575183028
0.9184015240945583
0.9184015240945583
0.9184015240945583
0.9184015240945583
0.9184015240945583
0.9184015240945583
0.9184015240945583
0.9184015240945583
0.9184257801630921
0.9184257801630921
0.9184257801630921
0.9184257801630921
0.9184257801630921
0.9184257801630921
0.9185725934139493
0.9185725934139493
0.9185725934139493
0.9185725934139493
0.9185725934139493
0.9185725934139493
0.9185725934139493
0.9185725934139493
0.9185725934139493
0.9185725934139493
0.9185725934139493
0.9185725934139493
0.9185725934139493
0.9185725934139493
0.9185725934139493
0.9185725934139493
0.9185725934139493
0.9185725934139493
0.9185725934139493
0.9185725934139493
0.9185725934139493
0.9185725934139493
0.9185725934139493
0.9185725934139493
0.9185725934139493
0.9185725934139493
0.9185725934139493
0.9185725934139493
0.9185873989525514
0.9185873989525514
0.9185873989525514
0.9185873989525514
0.9185873989525514
0.9185873989525514
0.9186014319074357
0.9186014319074357
0.9186014319074357
0.9186014319074357
0.9186014319074357
0.9186014319074357
0.9186014319074357
0.9186014319074357
0.9186014319074357
0.9186014319074357
0.9186014319074357
0.9186014319074357
0.9186014319074357
0.9186014319074357
0.9186014319074357
0.9186014319074357
0.9186014319074357
0.9186014319074357
0.9186014319074357
0.9186014319074357
0.9186014319074357
0.9186014319074357
0.9186014319074357
0.9186014319074357
0.9187233097715449
0.9187233097715449
0.9187233097715449
0.9187233097715449
0.9187233097715449
0.9187233097715449
0.9187233097715449
0.9187233097715449
0.9187233097715449
0.9187233097715449
0.9187233097715449
0.9187233097715449
0.9187233097715449
0.9187840832086336
0.9187840832086336
0.9187840832086336
0.9187840832086336
0.9187840832086336
0.9188057412484636
0.9188057412484636
0.9188057412484636
0.9188057412484636
0.9188057412484636