0.9013978924154671
0.9016395245032877
0.9022165955722344
0.9033991721893072
0.9034994660212523
0.9036189855906903
0.9036796565143892
0.9042134949860487
0.9045098182783061
0.9046274464427536
0.905114443286594
0.905265945338205
0.9057017643391129
0.9060303679217887
0.9060303679217887
0.9063641146167742
0.9063641146167742
0.9063641146167742
0.9065456673244034
0.9066534055478177
0.9069427579366396
0.9070984935203725
0.9072842927836572
0.9074814119100701
0.9077113397491476
0.9077113397491476
0.908001794008444
0.908001794008444
0.9080608493895799
0.9085027650704594
0.9090335104579335
0.90904494374338
0.9092196813619712
0.9093563135558773
0.9094308449603059
0.909627802537088
0.9096789128291516
0.9097743203231219
0.9097743203231219
0.9099227092383206
0.910076738493697
0.910076738493697
0.9102857704371712
0.9104276313859905
0.9104899001141246
0.9105984767213305
0.9106759860417468
0.9109688589451872
0.9112516492173921
0.9112516492173921
0.9112516492173921
0.9114208185694892
0.9115183853829391
0.9116358656579895
0.9116358656579895
0.9116500232623231
0.9117136979886552
0.9117136979886552
0.9117928496750569
0.9119682628699217
0.9120595325767142
0.9120595325767142
0.9120595325767142
0.9121233518824686
0.9121233518824686
0.912279815498356
0.9124252678918411
0.9124252678918411
0.9126032985068216
0.9126032985068216
0.9126732622086847
0.9126732622086847
0.9126732622086847
0.9126732622086847
0.9126732622086847
0.9126732622086847
0.912840756606518
0.912840756606518
0.9129287554132193
0.913050611454339
0.9130717670980992
0.9130717670980992
0.9130978910592072
0.913140598530056
0.913140598530056
0.9132621664665335
0.9132621664665335
0.9132621664665335
0.9132621664665335
0.9132836997504794
0.9132836997504794
0.9132836997504794
0.9132926518642521
0.9134876680266509
0.9135220049207062
0.9135220049207062
0.9135220049207062
0.9135557805224817
0.9135557805224817
0.9135557805224817
0.9135557805224817
0.9136682422742431
0.9137193831407074
0.9138086997370013
0.9138086997370013
0.9138086997370013
0.9138086997370013
0.9138853865513382
0.9139866526956667
0.9139866526956667
0.9139866526956667
0.9139899396643655
0.9141114499638668
0.9142258471080303
0.9142258471080303
0.9145138347012557
0.9145138347012557
0.9145857223923298
0.914862803494615
0.914862803494615
0.914862803494615
0.9149132086558737
0.9149132086558737
0.9149411957454707
0.9149451058458172
0.9149451058458172
0.9149451058458172
0.9149508226787453
0.9149508226787453
0.9149508226787453
0.9149508226787453
0.9150356361935476
0.9150356361935476
0.9150356361935476
0.9150356361935476
0.9150478810901029
0.9150478810901029
0.9150478810901029
0.9152326593780362
0.9152745029784713
0.9152811768014828
0.9152811768014828
0.9152997923414234
0.9153212462117651
0.9153572629629371
0.9153572629629371
0.9153572629629371
0.9153641743063952
0.9155168154802855
0.9157061620198519
0.9157256964348024
0.9158318197845674
0.9158318197845674
0.9158318197845674
0.9158318197845674
0.9159111509976587
0.9159111509976587
0.9159111509976587
0.9159111509976587
0.9159111509976587
0.9159111509976587
0.9159111509976587
0.9159111509976587
0.9159739558604271
0.9159739558604271
0.916060395961697
0.916060395961697
0.9161717236975845
0.9161717236975845
0.9161717236975845
0.9161717236975845
0.9161717236975845
0.9161756320960932
0.9161756320960932
0.9161756320960932
0.9163752352758108
0.9165016570405237
0.9165016570405237
0.9165016570405237
0.9165016570405237
0.9165347883263819
0.9165347883263819
0.9165347883263819
0.9167568016732187
0.9167568016732187
0.9167568016732187
0.9167568016732187
0.9167568016732187
0.9167568016732187
0.9167758009415405
0.9167758009415405
0.9168687702038055
0.9168987267317544
0.9168987267317544
0.9168987267317544
0.9168987267317544
0.9169668450874574
0.9169668450874574
0.9169668450874574
0.9169668450874574
0.9169668450874574
0.9169668450874574
0.9169668450874574
0.9170223967556735
0.9170223967556735
0.9170223967556735
0.9170223967556735
0.9170261441646074
0.9170901799725057
0.9171056232660127
0.9171848794770919
0.9171848794770919
0.9171848794770919
0.9171848794770919
0.9171848794770919
0.9171848794770919
0.9171848794770919
0.917214454761565
0.917214454761565
0.9173052181524016
0.9173052181524016
0.9173052181524016
0.9173052181524016
0.9173052181524016
0.9173234473089303
0.9173234473089303
0.9173234473089303
0.9173234473089303
0.9173234473089303
0.917421998254306
0.917421998254306
0.9174400695420996
0.9174401423732634
0.9174401423732634
0.9174440887050606
0.9174440887050606
0.9174440887050606
0.9175604085905519
0.9175604085905519
0.9176134235724396
0.9176134235724396
0.9176134235724396
0.9176134235724396
0.9176134235724396
0.9176134235724396
0.9176134235724396
0.9176134235724396
0.9176877671625844
0.9176877671625844
0.9176877671625844
0.9176877671625844
0.9179182041204017
0.9179182041204017
0.9179182041204017
0.9179182041204017
0.9180339020694912
0.9180339020694912
0.9180339020694912
0.9180831413449114
0.9180831413449114
0.9181492973494478
0.9181492973494478
0.9181492973494478
0.9181908751020296
0.918305090976736
0.918305090976736
0.918305090976736
0.918305090976736
0.918305090976736
0.918305090976736
0.918305090976736
0.918305090976736
0.9184261896838647
0.9184261896838647
0.9184261896838647
0.9184261896838647
0.9184688433783608
0.9184688433783608
0.9184821508551071
0.9184821508551071
0.9184821508551071
0.9184821508551071
0.9184821508551071
0.9184821508551071
0.9184920078894783
0.9184920078894783
0.9185753542149273
0.9187225127252622
0.9187225127252622
0.9187225127252622
0.9187357844781712
0.9187357844781712
0.9187357844781712
0.9187357844781712
0.9187357844781712
0.9189414671786394
0.9189414671786394
0.9189414671786394
0.9189414671786394
0.9189414671786394
0.9190470408719623
0.9190470408719623
0.9190470408719623
0.9190470408719623
0.9190470408719623
0.9190497077733739
0.9190497077733739
0.9190497077733739
0.9190497077733739
0.9190497077733739
0.9190497077733739
0.9190497077733739
0.9190497077733739
0.9190497077733739
0.9190497077733739
0.9190497077733739
0.9190804116019393
0.9190804116019393
0.9190804116019393
0.9190804116019393
0.9193481916250721
0.9193481916250721
0.919361610224459
0.919361610224459
0.919361610224459
0.919361610224459
0.9193843948957593
0.9193843948957593
0.9193915521394888
0.9193915521394888
0.9193915521394888
0.9194332772639826
0.9194332772639826
0.9195523921019244
0.9195611274112914
0.919602595436925
0.919602595436925
0.919602595436925
0.919602595436925
0.9197066789579469
0.9197066789579469
0.9197066789579469
0.9197066789579469
0.9197066789579469
0.9197066789579469
0.9197066789579469
0.9197066789579469
0.9197066789579469
0.9197066789579469
0.9197297344189861
0.9197297344189861
0.9197297344189861
0.9197297344189861
0.9197409623851633
0.9197409623851633
0.9197409623851633
0.9197409623851633
0.9197409623851633
0.9197409623851633
0.9197409623851633
0.9197409623851633
0.9197409623851633
0.9198683171237051
0.9198683171237051
0.9198683171237051
0.9198683171237051
0.9198683171237051
0.9198683171237051
0.9198683171237051
0.9198683171237051
0.9200232843494083
0.9200232843494083
0.9200483596935116
0.9200483596935116
0.9200483596935116
0.9200483596935116
0.9200483596935116
0.9203358657580801
0.9203358657580801
0.9203358657580801
0.9203358657580801
0.920385585903951
0.920385585903951
0.9205359660392594
0.9205359660392594
0.9205359660392594
0.9205359660392594
0.9205359660392594
0.9205423510153286
0.9205423510153286
0.9205423510153286
0.9205423510153286
0.9205423510153286
0.9205423510153286
0.9205423510153286
0.920549525705422
0.9205552233568421
0.9205552233568421
0.9205552233568421
0.9205552233568421
0.920590763736404
0.9206420555389367
0.9206420555389367
0.9206420555389367
0.9206420555389367
0.9206420555389367
0.9206420555389367
0.9206420555389367
0.9206420555389367
0.9206420555389367
0.9206420555389367
0.9207684371700023
0.9207684371700023
0.9207684371700023
0.9207684371700023
0.9207684371700023
0.9207684371700023
0.9207684371700023
0.9207846172453757
0.9207846172453757
0.9207846172453757
0.9208431826332811
0.9208431826332811
0.9208431826332811
0.9208431826332811
0.9208431826332811
0.9208431826332811
0.9208431826332811
0.9208431826332811
0.9208431826332811
0.9208431826332811
0.9208431826332811
0.9208431826332811
0.9208431826332811
0.9208435701292091
0.9208911262165491
0.9208911262165491
0.9209450789454223
0.9209450789454223
0.9209450789454223
0.9209450789454223
0.9210899065213538
0.9210899065213538
0.9210899065213538
0.9211463758361241
0.9211463758361241
0.9211856732904286
0.9211992029144266
0.9211992029144266
0.9211992029144266
0.9211992029144266
0.9211992029144266
0.9211992029144266
0.9211992029144266
0.9211992029144266
0.9212796046026717
0.9212796046026717
0.9212867269948648
0.9212867269948648
0.9212867269948648
0.9212867269948648
0.9212867269948648
0.9212867269948648
0.9212867269948648
0.9213788292362896
0.9213788292362896
0.9213788292362896
0.9213788292362896
0.9213788292362896
0.9213788292362896
0.9214259761182932
0.9214259761182932
0.9214259761182932
0.9214259761182932
0.9214259761182932
0.9214259761182932
0.9214259761182932
0.9214259761182932
0.9214259761182932
0.9214259761182932
0.9214259761182932
0.9214259761182932
0.9214259761182932
0.9214259761182932
0.9214259761182932
0.9214259761182932
0.9214259761182932
0.9214259761182932
0.9214259761182932
0.9214259761182932
0.9214259761182932
0.9214259761182932
0.9214259761182932
0.9214302446361391
0.9214302446361391
0.9214302446361391
0.9214302446361391
0.9214302446361391
0.9214302446361391
0.9214302446361391