0.9005467516818034
0.9013788038801931
0.9027304379415572
0.9034738587123755
0.9035052102635112
0.9044336240477744
0.9050928211734496
0.9052130202841493
0.9052130202841493
0.9052130202841493
0.9052130202841493
0.9055020702551221
0.9055020702551221
0.9055489327750088
0.9056283748225095
0.9058204159412928
0.9061565258183167
0.9061565258183167
0.9062391905640936
0.9063163374991517
0.9066739648891112
0.9066875358966627
0.9067415280575151
0.9067650453697794
0.9067650453697794
0.9070104254087707
0.9070448237506035
0.9070448237506035
0.9077079476713332
0.9077079476713332
0.9083987684263221
0.9088311684978766
0.9088311684978766
0.9088311684978766
0.90922723588349
0.90922723588349
0.90922723588349
0.9093680121220132
0.909539389185682
0.9098622549927791
0.9099240117957155
0.9099240117957155
0.9099240117957155
0.9099240117957155
0.9099240117957155
0.9099240117957155
0.9099240117957155
0.9099240117957155
0.9099240117957155
0.9099240117957155
0.9099240117957155
0.9099240117957155
0.909924084815578
0.909924084815578
0.9102207593295649
0.9102207593295649
0.9102207593295649
0.9103739563228465
0.9103739563228465
0.9105222972694891
0.9106924195713675
0.9107521055789806
0.9107828300887361
0.9107828300887361
0.9107828300887361
0.9107828300887361
0.9108321823912539
0.910861433720651
0.910861433720651
0.910861433720651
0.910861433720651
0.910861433720651
0.910861433720651
0.910861433720651
0.9110789908876588
0.9110789908876588
0.9110789908876588
0.9110789908876588
0.9110789908876588
0.9110789908876588
0.9113235778083276
0.9114668118824142
0.9114668118824142
0.9115364475942096
0.9115364475942096
0.9115364475942096
0.9115682971576193
0.9115879961676154
0.9116403385440041
0.9116403385440041
0.9116600499633388
0.9117070741253855
0.9117740154718349
0.9117740154718349
0.9117740154718349
0.9117740154718349
0.9118204766039195
0.9118204766039195
0.9118204766039195
0.9118204766039195
0.9118752654266002
0.9119106726077391
0.9119729815055609
0.9119729815055609
0.9120648529476418
0.9120876403259693
0.9121296304389789
0.912319053476339
0.9126576121958941
0.9126576121958941
0.9127850713407152
0.9128021099556968
0.9128021099556968
0.9128021099556968
0.9128021099556968
0.9128021099556968
0.9128161041788165
0.9128161041788165
0.912972903590436
0.912972903590436
0.912972903590436
0.9129824732670547
0.9129824732670547
0.9129824732670547
0.9130218374177144
0.9130218374177144
0.9130862546645365
0.9130862546645365
0.913273861119661
0.913273861119661
0.9134031989620393
0.9134365876418127
0.9135402021925201
0.9135402021925201
0.9135402021925201
0.9135517351977879
0.9136239696611784
0.9136239696611784
0.9136239696611784
0.9139089571115082
0.9139699031348327
0.9139699031348327
0.9139699031348327
0.9139699031348327
0.914012841294375
0.9140393041423471
0.9140393041423471
0.9141479346929082
0.9141479346929082
0.9141479346929082
0.9141479346929082
0.9141702834160399
0.9142874595062791
0.9142874595062791
0.9142874595062791
0.914354182898031
0.914354182898031
0.914354182898031
0.9144755331276573
0.9144755331276573
0.9144755331276573
0.9144755331276573
0.9145683886499106
0.9145683886499106
0.9145683886499106
0.9145683886499106
0.9145683886499106
0.9145683886499106
0.9145683886499106
0.9145683886499106
0.9145683886499106
0.9145683886499106
0.9145683886499106
0.9145683886499106
0.9145683886499106
0.9145683886499106
0.914611685580014
0.914611685580014
0.9147121223425981
0.9147121223425981
0.9147712457075544
0.9149236643053441
0.9149236643053441
0.9149236643053441
0.9149640625428085
0.9151149442324621
0.9151643303603254
0.9151643303603254
0.9152892537169398
0.9154179313916093
0.9154179313916093
0.9154282272467558
0.9154534392746705
0.9154534392746705
0.9154534392746705
0.9154534392746705
0.9154961249746651
0.9154961249746651
0.9154961249746651
0.9154961249746651
0.9154961249746651
0.9154961249746651
0.9154961249746651
0.9155381478910116
0.9157055153606005
0.9157055153606005
0.9157055153606005
0.9157055153606005
0.9157055153606005
0.9157055153606005
0.9157055153606005
0.9157055153606005
0.9157055153606005
0.9157055153606005
0.9157068053367641
0.9157068053367641
0.9157068053367641
0.9157068053367641
0.9157068053367641
0.9157068053367641
0.9157068053367641
0.9157156470388607
0.9157647101920718
0.9159313101607195
0.9159313101607195
0.9159872317944672
0.9159872317944672
0.9159872317944672
0.9160468184225431
0.9160849838422208
0.9160849838422208
0.9161600438238101
0.9161600438238101
0.9161600438238101
0.9161600438238101
0.9162487506988957
0.9162487506988957
0.9162487506988957
0.9162497682148815
0.9162497682148815
0.9162497682148815
0.916331844618552
0.916331844618552
0.916331844618552
0.9164165791217666
0.9165791908329226
0.9165791908329226
0.9167558814530914
0.9167558814530914
0.9167558814530914
0.916854481728419
0.916854481728419
0.9169726978247815
0.9169726978247815
0.9169726978247815
0.9169726978247815
0.9170214949320691
0.9170214949320691
0.9170214949320691
0.9170214949320691
0.9170214949320691
0.9170214949320691
0.9170214949320691
0.9170214949320691
0.9170214949320691
0.9170214949320691
0.9170214949320691
0.9170214949320691
0.9170214949320691
0.9170214949320691
0.9171439370559328
0.9171439370559328
0.9171439370559328
0.9171439370559328
0.9171439370559328
0.9172115032695408
0.9172115032695408
0.9172115032695408
0.9172115032695408
0.9172748957378415
0.9172748957378415
0.9172748957378415
0.9172748957378415
0.9172748957378415
0.9172748957378415
0.9172895427279915
0.9172991145608557
0.9172991145608557
0.9172991145608557
0.9173319451369715
0.9173319451369715
0.9173319451369715
0.9173319451369715
0.9173319451369715
0.9173319451369715
0.9173392551670587
0.9173780416134939
0.917445142003234
0.917445142003234
0.917445142003234
0.917510727096445
0.917510727096445
0.917510727096445
0.9176893365535999
0.9176893365535999
0.9177415599078126
0.9177666630043362
0.9179249844680972
0.9179249844680972
0.9179249844680972
0.9179249844680972
0.9179249844680972
0.9179249844680972
0.9179249844680972
0.9179249844680972
0.9179249844680972
0.9179249844680972
0.9179249844680972
0.9179249844680972
0.9179249844680972
0.9180281824916722
0.918189193128206
0.918189193128206
0.918189193128206
0.918189193128206
0.918189193128206
0.918189193128206
0.918189193128206
0.918189193128206
0.918189193128206
0.918189193128206
0.918189193128206
0.918189193128206
0.9182687406991261
0.9182687406991261
0.9182687406991261
0.9183660690631421
0.9184513666784311
0.9184513666784311
0.9184513666784311
0.9184513666784311
0.9184513666784311
0.9184513666784311
0.9184513666784311
0.9184513666784311
0.9184513666784311
0.9184827920472574
0.9184827920472574
0.9184827920472574
0.9184827920472574
0.9186982764801571
0.9186982764801571
0.9186982764801571
0.918709618380035
0.9188889086663473
0.9188889086663473
0.9188889086663473
0.9188889086663473
0.9188889086663473
0.9188889086663473
0.9188889086663473
0.9188889086663473
0.9188889086663473
0.9188889086663473
0.9188889086663473
0.9189243300759316
0.9189243300759316
0.9189243300759316
0.9191636480922664
0.9191636480922664
0.9191636480922664
0.9191636480922664
0.9191636480922664
0.9191636480922664
0.9191636480922664
0.9191636480922664
0.9191636480922664
0.9192029402022835
0.9192029402022835
0.9192029402022835
0.9192029402022835
0.9192029402022835
0.9192029402022835
0.9192029402022835
0.9192029402022835
0.9192029402022835
0.9192029402022835
0.9192029402022835
0.9192029402022835
0.9192029402022835
0.9192029402022835
0.9192029402022835
0.9192029402022835
0.9192029402022835
0.9192029402022835
0.9192029402022835
0.9192029402022835
0.9192029402022835
0.9192029402022835
0.9192029402022835
0.9192519064785197
0.9192519064785197
0.9192519064785197
0.9192519064785197
0.9192519064785197
0.9192519064785197
0.9192864434084796
0.9192864434084796
0.9192864434084796
0.9192982159367561
0.919309037847981
0.919309037847981
0.919309037847981
0.919309037847981
0.9193737055352803
0.9193737055352803
0.9193737055352803
0.9193737055352803
0.9193737055352803
0.9193737055352803
0.9193879229716445
0.9193879229716445
0.9193879229716445
0.9193879229716445
0.9193879229716445
0.9193879229716445
0.9193879229716445
0.9193879229716445
0.9193879229716445
0.9193975578384262
0.9194997954642062
0.9196007900758107
0.9196007900758107
0.9196007900758107
0.9196007900758107
0.9196007900758107
0.9196007900758107
0.9196007900758107
0.9196007900758107
0.9196007900758107
0.9196007900758107
0.9196007900758107
0.9196007900758107
0.9196007900758107
0.9196234537801559
0.9196234537801559
0.9196234537801559
0.9196234537801559
0.9196234537801559
0.9196234537801559
0.9196234537801559
0.9196234537801559
0.9196234537801559
0.9196234537801559
0.9196234537801559
0.9196234537801559
0.9196234537801559
0.9196234537801559
0.9196234537801559
0.9196234537801559
0.9196234537801559
0.9196234537801559
0.9196234537801559
0.9196234537801559
0.9196234537801559
0.9196452956203903
0.9196452956203903
0.9196452956203903
0.9196452956203903
0.9196452956203903
0.9196452956203903
0.9196452956203903
0.9196777315797404
0.9196777315797404
0.9196777315797404
0.9196777315797404
0.9196777315797404
0.9196777315797404
0.9196777315797404
0.9196777315797404
0.9196777315797404
0.9196777315797404
0.9196777315797404
0.9196777315797404
0.9196777315797404
0.9196777315797404
0.9196777315797404
0.9196777315797404
0.9196777315797404
0.9196777315797404
0.9196777315797404
0.9196777315797404
0.9196777315797404
0.9196777315797404
0.9197276492360834
0.9197276492360834
0.9197575854638648
0.9197575854638648
0.9197575854638648
0.9197575854638648