0.9021552787387479
0.9031557621800682
0.9047033784251858
0.9060616610377137
0.9061210917697377
0.9063827720801682
0.9069470239987012
0.9069470239987012
0.9073008996650013
0.9075278744796368
0.9077151778098688
0.9081363954490237
0.9082818664259967
0.9084603988328518
0.9085829544144066
0.908834846926172
0.9089608682276775
0.909301202691316
0.9095398863399369
0.9099639602483299
0.9104964555737584
0.9105695053830123
0.9107542394805577
0.9108098008686011
0.9109883609041999
0.9115164898237503
0.9116222289699504
0.9123198822086902
0.912553145860682
0.912553145860682
0.9126030744530721
0.9126296209572032
0.9127397105608398
0.9130223986086612
0.9131021175867565
0.9131681942660309
0.9132005583205922
0.9132628609804428
0.9135794582793962
0.9136855882731181
0.9136867201485736
0.9138062190711712
0.9139329843976266
0.9140155441568413
0.9140155441568413
0.9142532495998019
0.9142532495998019
0.9142532495998019
0.9144536343945165
0.9146419634713043
0.9146419634713043
0.9147602619549442
0.9147602619549442
0.9149426091761855
0.9149480390234634
0.9152430265772793
0.915259588144251
0.9154037952473217
0.9154037952473217
0.915530954822348
0.9155598613457754
0.9157083053017744
0.9157083053017744
0.9157083053017744
0.9157083053017744
0.9158281919290153
0.9159146637441427
0.9159146637441427
0.9159945356172382
0.916039334198083
0.916039334198083
0.916039334198083
0.916039334198083
0.9160702387843753
0.9161972028568139
0.9161972028568139
0.9161972028568139
0.9161972028568139
0.9162061258926935
0.9162061258926935
0.9162061258926935
0.9162204693347858
0.9162818483200429
0.9163518939245292
0.9165482690215697
0.9165922833766492
0.916980697646883
0.916980697646883
0.916980697646883
0.916980697646883
0.916980697646883
0.9170442009200657
0.917257835227761
0.9173178493829283
0.9173178493829283
0.917339963967827
0.9173873629621213
0.9173873629621213
0.9173873629621213
0.9173873629621213
0.9173873629621213
0.9173873629621213
0.9173971634996717
0.9173971634996717
0.917407077308945
0.917407077308945
0.9174499202247103
0.917477379342841
0.9176515120781653
0.9176680686707761
0.9177313908807286
0.9177511930667018
0.9178358383247983
0.9178358383247983
0.9178358383247983
0.9178754401966338
0.9180203053313571
0.9180203053313571
0.9180203053313571
0.9180203053313571
0.9180203053313571
0.9180858245911365
0.9181254085105991
0.9181393455037886
0.9182188462565269
0.9182188462565269
0.9182314963667515
0.9182314963667515
0.9183089174452744
0.9183089174452744
0.9183089174452744
0.9183089174452744
0.9183089174452744
0.9183089174452744
0.9183241800271618
0.9184653083562386
0.9184653083562386
0.9185317354262253
0.9186879701898252
0.9186879701898252
0.9186879701898252
0.9186879701898252
0.9186879701898252
0.9186879701898252
0.918840553410075
0.918840553410075
0.918840553410075
0.918840553410075
0.9189510344193914
0.9189510344193914
0.9189799907309617
0.9189799907309617
0.9189799907309617
0.9189903544202461
0.9190188441291266
0.9190188441291266
0.9190719047896774
0.9190852388402269
0.9191870955437065
0.9191930645747497
0.9191930645747497
0.9191930645747497
0.9192547879578788
0.9193977710777603
0.919454125353099
0.919454125353099
0.919454125353099
0.919458834787651
0.919458834787651
0.9194897416727624
0.9195521959975281
0.9197278946782885
0.9197364734732685
0.9197364734732685
0.9197522921380419
0.9197646035607615
0.9197646035607615
0.9197646035607615
0.9197646035607615
0.9197646035607615
0.9197646035607615
0.9197646035607615
0.9197646035607615
0.9197646035607615
0.9197646035607615
0.9199723427389596
0.9199723427389596
0.9199723427389596
0.9199723427389596
0.9199723427389596
0.9199723427389596
0.9199723427389596
0.9199723427389596
0.9199723427389596
0.9199932046172338
0.9200261824133829
0.9200261824133829
0.9200261824133829
0.9200261824133829
0.9200285700318814
0.9200285700318814
0.9200285700318814
0.920065569400891
0.9200702511568941
0.9200702511568941
0.9200702511568941
0.9200702511568941
0.9201856078817304
0.9201856078817304
0.9201856078817304
0.9201856078817304
0.9201888821282282
0.9203083400769839
0.9203083400769839
0.9203202129406637
0.9203432254676575
0.9203432254676575
0.9203432254676575
0.9203432254676575
0.9203461969306659
0.9203461969306659
0.9203461969306659
0.9203461969306659
0.9203461969306659
0.9203461969306659
0.9203461969306659
0.9203461969306659
0.9203461969306659
0.9203837283361185
0.9203837283361185
0.9203837283361185
0.9203837283361185
0.9203837283361185
0.9203837283361185
0.9203837283361185
0.9203837283361185
0.9203837283361185
0.9203837283361185
0.9203837283361185
0.9203991338470657
0.9203991338470657
0.9203991338470657
0.9203991338470657
0.9203991338470657
0.9203991338470657
0.9204205157099683
0.9204577895497752
0.9205600048672721
0.9205600048672721
0.9205600048672721