0.9020661576828547
0.9030484408591671
0.9049547210560829
0.9054415028578298
0.9063013825085898
0.906496320956928
0.9069147186332017
0.907251948466233
0.90769079411338
0.9079267410118862
0.9082132396772004
0.9085810736479132
0.908989986365778
0.9091423227787112
0.9093913994387893
0.9096196323790497
0.909819116705337
0.9101252817409956
0.9105122069001148
0.9109223599742111
0.911164518906463
0.9114991032766453
0.911586029267437
0.9117703989065192
0.9120090538749241
0.9122928413205796
0.9126030082992584
0.9129085677589356
0.9130967582649837
0.9131445954118977
0.9132740557275537
0.9134112704565991
0.9134911212217668
0.913748955255801
0.913748955255801
0.9139063516240896
0.9141443555131334
0.9142688529364721
0.9144177328076227
0.9145197398583073
0.914927590272914
0.9150264742244492
0.9150882817242361
0.9154586385279035
0.9155800904741529
0.9155883752088223
0.9156951787054477
0.9157023037487697
0.9158398399133707
0.9159110115705527
0.9160403801850265
0.9161124051602794
0.9162458022174951
0.9162930500430632
0.9163517465019246
0.9163976643789954
0.9163976643789954
0.9163980393114513
0.9165352974287092
0.9165933216994504
0.9167254542957023
0.9168138591682806
0.9168138591682806
0.9169616371360956
0.9170916473616846
0.9170952392236216
0.9171362025934741
0.9171362025934741
0.9173289021640249
0.9175673192144636
0.9175673192144636
0.9176645868649027
0.9176645868649027
0.9178231947899997
0.9178684948427925
0.9180811616827921
0.9180972760067699
0.9180972760067699
0.91820057268584
0.9183624895171607
0.9183930826122493
0.9184129629334585
0.9185802893124414
0.9185802893124414
0.9186196646770688
0.9186923772833019
0.9187992132445855
0.9188742146193605
0.9188798607560154
0.9189802436975716
0.9189802436975716
0.9190235890488898
0.9190235890488898
0.9190467406848697
0.9191564460687723
0.9192473826399624
0.9192473826399624
0.9193177306228055
0.9193219504067875
0.9194937507089661