0.9032285229777582
0.9035455638645965
0.9039566428729545
0.9043298440454461
0.9052347339431099
0.9055796959369016
0.905787304022398
0.9062545873862566
0.906552901667377
0.9066009647822126
0.9068050163939959
0.9069020714523198
0.9071901231420046
0.907485193477054
0.907485193477054
0.9076998569593084
0.9077268588990024
0.9079046683875737
0.908077316046704
0.9084091837174851
0.9085053152793497
0.9085053152793497
0.9090608289889892
0.9092236798632267
0.9093469869260818
0.9097365250080609
0.9097393722858079
0.9100492708490205
0.9100932690329288
0.9103581566221238
0.9104055765683261
0.9104055765683261
0.9106029313157528
0.9106042720228772
0.9109048463019087
0.9109191681922393
0.9109287053251983
0.9111810900777256
0.9112153990267876
0.9112153990267876
0.9113860059191623
0.9113860059191623
0.9114543048714954
0.9115415581587765
0.9116319462299637
0.9118798764148511
0.9122992394786793
0.9123959184993474
0.9123959184993474
0.9127097808243049
0.9128484394915509
0.9131512776816479
0.913165435412354
0.9132005254527632
0.9132870893378688
0.9135888590141056
0.9137168763569905
0.9138207635563129
0.9138638705115504
0.913875489391193
0.914040352846194
0.9142711122248182
0.9142711122248182
0.9142711122248182
0.9142759776389638
0.9142759776389638
0.9142759776389638
0.9143622264496106
0.9145037997842685
0.9146244062482374
0.9147710670403911
0.9148751880010112
0.9148751880010112
0.9148751880010112
0.9148751880010112
0.9148751880010112
0.9152186756839618
0.9152186756839618
0.9152186756839618
0.9152186756839618
0.9152186756839618
0.9154232004175251
0.9156152103029883
0.9156152103029883
0.9156152103029883
0.915618312815098
0.9156520629842896
0.9156520629842896
0.9156520629842896
0.9156520629842896
0.9156520629842896
0.9156812183968316
0.9157064253869563
0.9157064253869563
0.9157761331756576
0.9157761331756576
0.9160089599749255
0.9160089599749255
0.9161398353867053
0.9161398353867053
0.9163216010410814
0.9163691693518514
0.9163691693518514
0.9164380412374564
0.9164380412374564
0.9164380412374564
0.9165544486397766
0.9165544486397766
0.9166679123369433
0.9168217797347368
0.9168217797347368
0.9168217797347368
0.917025691920149
0.917025691920149
0.917025691920149
0.9170320861167368
0.9170320861167368
0.9170320861167368
0.9170716543948506
0.9170716543948506
0.9173934980002464
0.9173934980002464
0.9173934980002464
0.9173934980002464
0.9173934980002464
0.9174911440713828
0.9174911440713828
0.9174911440713828
0.9174911440713828
0.9174911440713828
0.9174911440713828
0.9174911440713828
0.9174911440713828
0.9174911440713828
0.9174911440713828
0.9175487225876139
0.9175487225876139
0.9176446052465388
0.9176446052465388
0.9177504764905102
0.9177504764905102
0.9177504764905102
0.9178349789838248
0.9178349789838248
0.9178349789838248
0.9178349789838248
0.9178349789838248
0.9178349789838248
0.9178671414146734
0.9178671414146734
0.9178671414146734
0.9179910192481465
0.9179910192481465
0.9180571454864166
0.9180571454864166
0.9180571454864166
0.9181507168783365
0.9181507168783365
0.9181507168783365
0.9181507168783365
0.9181507168783365
0.9181507168783365
0.9181507168783365
0.9181507168783365
0.9181507168783365
0.9181507168783365
0.9181507168783365
0.9181673411931515
0.9182267847661926
0.9182267847661926
0.9182267847661926
0.9182267847661926
0.9182267847661926
0.9182267847661926
0.918305865518466
0.918305865518466
0.9183171769618698
0.9183171769618698
0.9183171769618698
0.9184853283049695
0.9184853283049695
0.9184853283049695
0.9186835355853328
0.9186835355853328
0.9188417060621261
0.9188417060621261
0.9188424458050585
0.9188424458050585
0.9188424458050585
0.9188424458050585
0.9188763886396759
0.9188763886396759
0.9189276755717523
0.9189276755717523
0.9189552480032097
0.9189552480032097
0.9189552480032097
0.9189558170908303
0.9190245123310432
0.9190245123310432
0.9190245123310432
0.9190405344071431
0.919141198226916
0.919141198226916
0.9193193658897366
0.9193193658897366
0.9193193658897366
0.9193193658897366
0.9193193658897366
0.9193193658897366
0.9193193658897366
0.9193193658897366
0.9193193658897366
0.9193193658897366
0.9193193658897366
0.9193193658897366
0.9194055134240104
0.9194055134240104
0.9194055134240104
0.9194055134240104
0.9194055134240104
0.9194055134240104
0.9194055134240104
0.9194055134240104
0.9194997329158755
0.9194997329158755
0.9194997329158755
0.9194997329158755
0.9194997329158755
0.9195581207226116
0.9196316056460444
0.9196316056460444
0.9196783508336395
0.9196783508336395
0.9196783508336395
0.9196783508336395
0.9197131837863753
0.9197131837863753
0.9197131837863753
0.9197756283479889
0.9197756283479889
0.9197767617692273
0.9197767617692273
0.9197767617692273
0.9197767617692273
0.9197767617692273
0.9197767617692273
0.9197767617692273
0.9198275994160248
0.9198275994160248
0.9198275994160248
0.9198275994160248
0.9198275994160248
0.9198275994160248
0.9198275994160248
0.9198275994160248
0.9198275994160248
0.9198275994160248
0.9198410246422315
0.9198410246422315
0.9198684396732506
0.9199495647687208
0.9199495647687208
0.9199495647687208
0.9200984602253688
0.9200984602253688
0.9200984602253688
0.9200984602253688
0.9200984602253688
0.9200984602253688
0.9201321987411265
0.9201321987411265
0.9201321987411265
0.9201321987411265
0.9201321987411265
0.9201321987411265
0.9201321987411265
0.9201321987411265
0.9201321987411265
0.9201321987411265
0.9201869141350367
0.9201869141350367
0.9201869141350367
0.9201869141350367
0.9201869141350367
0.9201869141350367
0.9201869141350367
0.9201869141350367
0.9201912067882693
0.920365936913775
0.920365936913775
0.920365936913775
0.920365936913775
0.920365936913775
0.920365936913775
0.9206005210942719
0.9206005210942719
0.9207444249187959
0.9207444249187959
0.9207444249187959
0.9207444249187959
0.9207901095739026
0.9207901095739026
0.9207901095739026
0.9207901095739026
0.9208234675978755
0.9208234675978755
0.9208234675978755
0.9208234675978755
0.9208511348541942
0.9208511348541942
0.9208511348541942
0.9208511348541942
0.9208511348541942
0.9208511348541942
0.9208511348541942
0.9208659177428601
0.9208659177428601
0.9208659177428601
0.9208659177428601
0.9208659177428601
0.9208659177428601
0.9208659177428601
0.9208659177428601
0.9208659177428601
0.9208659177428601
0.9208659177428601
0.9208659177428601
0.9208659177428601
0.9208659177428601
0.9208659177428601
0.9208659177428601
0.9208659177428601
0.9208670297968817
0.9208986137973402
0.9210342386749951
0.9210342386749951
0.9210342386749951
0.9210342386749951
0.9210342386749951
0.9210342386749951
0.9210342386749951
0.9210342386749951
0.9210342386749951
0.9210342386749951
0.9210342386749951
0.9210342386749951
0.9210342386749951
0.9210342386749951
0.9210342386749951
0.9210342386749951
0.9210342386749951
0.9210342386749951
0.9210342386749951
0.9210450815103294
0.9210450815103294
0.9210450815103294
0.9210450815103294
0.9210524172396349
0.9210524172396349
0.9210524172396349
0.9211449747164715
0.9211449747164715
0.9211449747164715
0.9211690076398971
0.9211690076398971
0.9211931921491704
0.921258063758889
0.921258063758889
0.921258063758889
0.921258063758889
0.921258063758889
0.9212779148529849
0.9212779148529849
0.9212779148529849
0.9213034441042768
0.9213034441042768
0.9213034441042768
0.9213034441042768
0.9213584729331962
0.9213584729331962
0.921382034867384
0.921382034867384
0.921382034867384
0.921382034867384
0.921382034867384
0.921382034867384
0.921382034867384
0.921382034867384
0.921382034867384
0.921382034867384
0.921382034867384
0.921382034867384
0.921382034867384
0.921382034867384
0.921390650830309
0.921390650830309
0.921390650830309
0.921390650830309
0.921390650830309
0.921390650830309
0.921390650830309
0.921390650830309
0.921390650830309
0.921390650830309
0.921390650830309
0.921390650830309
0.9215071936620132
0.9215917242145467
0.9215917242145467
0.9215997212267198
0.9215997212267198
0.9215997212267198
0.9215997212267198
0.9215997212267198
0.9218964988738497
0.9218964988738497
0.9218964988738497
0.9218964988738497
0.9218964988738497
0.9218964988738497
0.9218964988738497
0.9218964988738497
0.9218964988738497
0.9218964988738497
0.9218964988738497
0.9219148728822721
0.9219148728822721
0.9219148728822721
0.9219148728822721
0.9219148728822721
0.9219148728822721
0.9219148728822721
0.9219876956241023
0.9219876956241023
0.9219876956241023
0.9219876956241023
0.9219876956241023
0.9219876956241023
0.9219876956241023
0.9219876956241023
0.9219876956241023
0.9219876956241023
0.9219876956241023
0.9219876956241023
0.9219876956241023
0.9219876956241023
0.9220668465782378
0.9220668465782378
0.9220668465782378
0.9220668465782378
0.9220668465782378
0.9220668465782378
0.9220668465782378
0.9220668465782378
0.9220668465782378
0.9220668465782378
0.9220668465782378
0.9220668465782378
0.9221903850362874
0.9222158981706491
0.9222158981706491
0.9222158981706491
0.9222158981706491
0.9222158981706491
0.9223129940431484
0.9223129940431484
0.9223129940431484
0.9223129940431484
0.9223129940431484
0.9223129940431484
0.9223129940431484
0.9223129940431484
0.9223129940431484
0.9223129940431484
0.9223129940431484
0.9223129940431484
0.9223129940431484
0.9223129940431484
0.9223129940431484
0.9223129940431484
0.9223129940431484
0.9223129940431484
0.9223129940431484
0.9223129940431484
0.9223129940431484
0.9223129940431484
0.9223129940431484
0.9225266658013248
0.9225266658013248
0.9225266658013248
0.9225266658013248
0.9225266658013248
0.9226840956786155
0.9226840956786155
0.9226840956786155
0.922706419345573
0.922706419345573
0.922706419345573
0.922706419345573