0.901363049981087
0.9030711950004283
0.9031625416473031
0.9038206404157013
0.9038617677842333
0.9042927969794909
0.9046443265224601
0.9048903493881794
0.9052259878399734
0.9053530379167056
0.9055950742107307
0.9058734720942084
0.9058734720942084
0.9065568928004665
0.9069047690791278
0.9073804741044629
0.9073804741044629
0.9078075530242383
0.9078075530242383
0.9081194581507191
0.9081194581507191
0.908382683581024
0.9084199991035171
0.9086400718931203
0.9088674108722612
0.9091391390231347
0.9093292596918067
0.9093292596918067
0.9094249528839484
0.9094249528839484
0.9095072340732027
0.9095386581235891
0.909723312203425
0.909723312203425
0.9101440244138391
0.9101440244138391
0.9101440244138391
0.9103934846650378
0.9105537013694625
0.9107244797028269
0.9107244797028269
0.9109270463026756
0.9109383310014436
0.9111123898525407
0.9111123898525407
0.9111994512560286
0.9118769771300466
0.9118769771300466
0.9118769771300466
0.9118769771300466
0.9118769771300466
0.9118769771300466
0.9120439707894938
0.9121677829670192
0.9121848692688374
0.9121848692688374
0.9121848692688374
0.9125555868203096
0.9126536423571566
0.912798434404512
0.9129209692603133
0.9132329532526344
0.9132329532526344
0.9136725415677593
0.9143019317821045
0.9143019317821045
0.9143792681739737
0.914548720855533
0.914548720855533
0.914548720855533
0.914548720855533
0.914548720855533
0.914590503015769
0.9146000509749008
0.9149720023404183
0.9149720023404183
0.9149720023404183
0.9149720023404183
0.9149720023404183
0.9151864586246522
0.9151864586246522
0.9153298632126621
0.915362263476088
0.915362263476088
0.915362263476088
0.9157104221719587
0.9157533417907872
0.9157698401700742
0.9157698401700742
0.9161553688913869
0.9162027299114196
0.9162027299114196
0.9162027299114196
0.9162027299114196
0.9162027299114196
0.9162027299114196
0.9162027299114196
0.9162027299114196
0.9162977624661726
0.9164296281932091
0.9164296281932091
0.9164296281932091
0.9164296281932091
0.9164296281932091
0.9164296281932091
0.9164374735769689
0.9164374735769689
0.9164374735769689
0.9166388013346568
0.9166574699961899
0.9167433483189251
0.9167433483189251
0.9167433483189251
0.9168789703250114
0.9168789703250114
0.9168789703250114
0.9170760954069325
0.9173012904936375
0.9173012904936375
0.9173012904936375
0.9173012904936375
0.9173012904936375
0.9173012904936375
0.9173829498678686
0.9173829498678686
0.9173829498678686
0.9173829498678686
0.9173829498678686
0.9173829498678686
0.9173829498678686
0.9175132352180007
0.9175132352180007
0.9175132352180007
0.9175132352180007
0.9175132352180007
0.9175132352180007
0.9175132352180007
0.9176086477672439
0.9176982795015352
0.9177440410095336
0.917907453222132
0.917907453222132
0.9182492457984961
0.9182492457984961
0.9184097083258723
0.9184097083258723
0.9184097083258723
0.9184097083258723
0.9184097083258723
0.9184097083258723
0.9186902549522432
0.9186902549522432
0.9186902549522432
0.9186902549522432
0.9186902549522432
0.9186902549522432
0.9186902549522432
0.9186902549522432
0.9187272104577479
0.9187272104577479
0.9187272104577479
0.9187272104577479
0.9187272104577479
0.9187272104577479
0.9187272104577479
0.9187860807086425
0.9187860807086425
0.9187860807086425
0.9187860807086425
0.9188273826733838
0.9188273826733838
0.9188273826733838
0.9188273826733838
0.9188273826733838
0.9188578693679635
0.9188578693679635
0.9188785060716969
0.9188785060716969
0.9188785060716969
0.9188785060716969
0.9188785060716969
0.9188785060716969
0.9188785060716969
0.9188785060716969
0.9188785060716969
0.9188785060716969
0.9188785060716969
0.9188785060716969
0.9188785060716969
0.9188785060716969
0.9188785060716969
0.9188785060716969
0.9191835007213005
0.9192722079275074
0.9192722079275074
0.9192722079275074
0.9192722079275074
0.9192722079275074
0.9193444726769537
0.9193444726769537
0.9193444726769537
0.9193444726769537
0.9193444726769537
0.9193507272712588
0.9194673228582961
0.9194673228582961
0.9194673228582961
0.9194673228582961
0.9194673228582961
0.9195099891416361
0.9195099891416361
0.9195099891416361
0.9195099891416361
0.9195099891416361
0.9195099891416361
0.9195099891416361
0.9195099891416361
0.9195099891416361
0.9195099891416361
0.9196397896111842
0.9196397896111842
0.9196397896111842
0.9196397896111842
0.9196556479472612
0.919749135913263
0.919749135913263
0.919749135913263
0.919749135913263
0.919749135913263
0.9197761247456504
0.9198836165265899
0.9198836165265899
0.9200243086810302
0.9201370720173736
0.9201370720173736
0.9201502609542965
0.9201889939286549
0.920217344027031
0.920217344027031
0.920217344027031
0.920217344027031
0.920217344027031
0.920217344027031
0.920217344027031
0.920217344027031
0.920217344027031
0.920217344027031
0.9202882549134958
0.9202882549134958
0.9202882549134958
0.9202882549134958
0.9202932534839781
0.9202932534839781
0.9202932534839781
0.9202932534839781
0.9202932534839781
0.9202932534839781
0.9202932534839781
0.9202932534839781
0.9202932534839781
0.9202932534839781
0.9202932534839781
0.9203089411433008
0.9203089411433008
0.9203089411433008
0.9203089411433008
0.9203089411433008
0.9203206428488121
0.920372882540649
0.920372882540649
0.920436634868673
0.920436634868673
0.920436634868673
0.920436634868673
0.920436634868673
0.920436634868673
0.920436634868673
0.920436634868673
0.920436634868673
0.920436634868673
0.920436634868673
0.9205160445119253
0.9205160445119253
0.9205160445119253
0.9205160445119253
0.9205160445119253
0.9205160445119253
0.9205160445119253
0.9206175795678202
0.9206175795678202
0.9206175795678202
0.9206175795678202
0.9206175795678202
0.9206175795678202
0.9206175795678202
0.9206175795678202
0.9206175795678202
0.9206175795678202
0.9206175795678202
0.9206175795678202
0.9206175795678202
0.9206175795678202
0.9206175795678202
0.920654831043722
0.920654831043722
0.920654831043722
0.920654831043722
0.920654831043722
0.920654831043722
0.920654831043722
0.920654831043722
0.920654831043722
0.920654831043722
0.920654831043722
0.920654831043722
0.920654831043722
0.920654831043722
0.920815437398047
0.920815437398047
0.920815437398047
0.920815437398047
0.920815437398047
0.920815437398047
0.920815437398047
0.920815437398047
0.9208947198680878
0.9208947198680878
0.9208947198680878
0.9208947198680878
0.9208947198680878
0.9208947198680878
0.9208947198680878
0.9208947198680878
0.9208947198680878
0.9208947198680878
0.9208947198680878
0.9210093362627043
0.9210093362627043
0.9210093362627043
0.9210093362627043
0.9210093362627043
0.9210093362627043
0.9210093362627043
0.9210093362627043
0.9210093362627043
0.9210093362627043
0.9210093362627043
0.9210093362627043
0.9210093362627043
0.9210093362627043
0.9210093362627043
0.9210093362627043
0.9210093362627043
0.9210093362627043
0.9210093362627043
0.9210093362627043
0.9210093362627043
0.9210093362627043
0.9210093362627043
0.9210093362627043
0.9210093362627043
0.9210093362627043
0.9210093362627043
0.9210093362627043
0.9210093362627043
0.9210093362627043
0.9210093362627043
0.9210093362627043
0.9212528039896609
0.9212528039896609
0.9212528039896609
0.9212528039896609
0.9212528039896609
0.9212528039896609
0.9212528039896609
0.9212528039896609
0.9212528039896609
0.9212528039896609
0.9212528039896609
0.9212528039896609
0.9213107108792653
0.9213107108792653
0.9213107108792653
0.9213107108792653
0.9213107108792653
0.9213107108792653
0.9213107108792653
0.9213107108792653
0.9213107108792653
0.9213107108792653
0.921347329308301
0.921347329308301
0.921347329308301
0.921347329308301
0.921347329308301
0.921347329308301
0.921347329308301
0.921347329308301
0.921347329308301
0.921347329308301
0.921347329308301
0.921347329308301
0.921347329308301
0.921347329308301
0.921347329308301
0.921347329308301
0.921347329308301
0.921347329308301
0.921347329308301
0.921347329308301
0.921347329308301
0.921347329308301
0.921347329308301
0.921347329308301
0.921347329308301
0.921347329308301
0.9213522518435809
0.9213522518435809
0.9213522518435809
0.9213522518435809
0.9214262097971396
0.9214262097971396
0.9214262097971396
0.9214262097971396
0.9216705502188162
0.9216705502188162
0.9216705502188162
0.9216818882054661
0.9216818882054661
0.9216899697831114
0.9216899697831114
0.9216899697831114
0.9216899697831114
0.9216899697831114
0.9216899697831114
0.9216899697831114
0.9217853158296828
0.9217853158296828
0.9217853158296828
0.9217853158296828
0.9217853158296828
0.9217853158296828
0.9217853158296828
0.9217853158296828
0.9217853158296828
0.9217853158296828
0.9217853158296828
0.9217853158296828
0.9218088711424667
0.9218088711424667
0.9218088711424667
0.9218088711424667
0.9218088711424667
0.9218088711424667
0.9218088711424667
0.9218088711424667
0.9218088711424667
0.9218088711424667
0.9218088711424667
0.9218762893525575
0.9218762893525575
0.9218762893525575
0.9218762893525575
0.9218762893525575
0.9220168006462567
0.9220168006462567
0.9220168006462567
0.9220168006462567
0.9220168006462567
0.9220168006462567
0.9220168006462567
0.9220168006462567
0.9220168006462567
0.9220168006462567
0.9220168006462567
0.9220168006462567
0.9220168006462567
0.9220168006462567
0.9220168006462567
0.9220168006462567
0.9220168006462567
0.9220168006462567
0.9220168006462567
0.9220168006462567
0.9220168006462567
0.9220168006462567
0.9220168006462567
0.9220168006462567
0.9220168006462567
0.9220168006462567
0.9220168006462567
0.9220168006462567
0.9220168006462567
0.9220168006462567
0.9220168006462567
0.9220168006462567
0.9220168006462567
0.9220168006462567
0.9220168006462567
0.9220168006462567