0.9021290544651808
0.9035174614033293
0.9037113551715522
0.9040820697772479
0.9043750962368435
0.9045121949829027
0.9048376755790868
0.9050140537871731
0.9050140537871731
0.9055612205081304
0.9056697236710316
0.9058328787797734
0.9062721794884777
0.9065538373846016
0.9065848651248414
0.9067777430459535
0.907108289284673
0.907108289284673
0.9077464448710283
0.9077464448710283
0.9077464448710283
0.9077464448710283
0.9079694326044979
0.9079694326044979
0.9079694326044979
0.9080504948741989
0.908653680234861
0.9087679191014285
0.9088244886203503
0.9088244886203503
0.9090212210831106
0.9091145975738046
0.9091145975738046
0.9093322551799834
0.9095311615324033
0.9096050468179062
0.9100185429807355
0.9102649035461287
0.9102649035461287
0.9102649035461287
0.9102649035461287
0.9103922018800874
0.9103922018800874
0.9105618319727029
0.9105618319727029
0.9105899654578643
0.9106323025714632
0.9106323025714632
0.9106323025714632
0.9108147052753345
0.9110656673165342
0.9110656673165342
0.9110656673165342
0.911424859782338
0.911424859782338
0.911424859782338
0.9114846644966976
0.911595584169303
0.9116392775544137
0.9118071826477565
0.9118071826477565
0.9118071826477565
0.9118071826477565
0.912101065020351
0.9121677527124243
0.9122675029400388
0.9125037226651488
0.9125037226651488
0.9126052026439899
0.9126785297814408
0.9128162712666217
0.9128162712666217
0.9129079939000587
0.9129079939000587
0.9129843805032233
0.9129843805032233
0.9129843805032233
0.9129991645853954
0.9131636570078444
0.9131636570078444
0.9136915491731439
0.9137669245877499
0.9138118606241986
0.9138118606241986
0.9138619987229478
0.9138619987229478
0.9138619987229478
0.9139770004388441
0.9139770004388441
0.9139770004388441
0.9139770004388441
0.9139770004388441
0.9139770004388441
0.9139770004388441
0.9140163772887595
0.9140959312380835
0.9141824400339912
0.9141824400339912
0.9141824400339912
0.9142354581246969
0.9142658932613656
0.9143997627659427
0.9144528481406493
0.9144528481406493
0.914476097707359
0.9145396577588284
0.9147229491243227
0.9147229491243227
0.9147229491243227
0.9150673606825013
0.9150673606825013
0.9150673606825013
0.9150673606825013
0.9150673606825013
0.9151623772807899
0.9151623772807899
0.9152028233524075
0.9152028233524075
0.9152028233524075
0.9152028233524075
0.9152028233524075
0.9152028233524075
0.9152170402227845
0.9152805483744768
0.9152805483744768
0.9152805483744768
0.9152805483744768
0.9154219796752362
0.9155167338950652
0.9156269118971466
0.9156269118971466
0.9156269118971466
0.9156269118971466
0.915902859780127
0.915902859780127
0.9159599912064063
0.9160139693401623
0.9160139693401623
0.9160679321109411
0.9160679321109411
0.916174484261733
0.916174484261733
0.9162538767726929
0.9163755853053708
0.9165753717485399
0.916612680762172
0.916612680762172
0.9166431289685391
0.9166431289685391
0.9166646747389793
0.9166646747389793
0.9166646747389793
0.9166646747389793
0.9167248898617355
0.9167248898617355
0.916928993616077
0.916928993616077
0.9169375596328023
0.9170333684972217
0.9170333684972217
0.9170896263141896
0.9172458698309188
0.9174599590866404
0.9174599590866404
0.9174599590866404
0.9174599590866404
0.9174599590866404
0.9174599590866404
0.9176160177176242
0.9176160177176242
0.9176160177176242
0.9176160177176242
0.9176160177176242
0.9176160177176242
0.9176972088644189
0.9176972088644189
0.9176972088644189
0.9176972088644189
0.9176972088644189
0.9178932083429898
0.9178932083429898
0.9179556772495079
0.9179556772495079
0.9179556772495079
0.9179556772495079
0.9179556772495079
0.9179556772495079
0.9179556772495079
0.9179556772495079
0.9179556772495079
0.9180814070596336
0.9180814070596336
0.9180814070596336
0.9180814070596336
0.9180814070596336
0.9180814070596336
0.9180814070596336
0.9180814070596336
0.9182138031814788
0.9182138031814788
0.9182138031814788
0.9182138031814788
0.9182140856428886
0.9182140856428886
0.9182140856428886
0.9182140856428886
0.9184091307075917
0.9184091307075917
0.9184091307075917
0.9184091307075917
0.9184331746580304
0.9184813893238419
0.9185907399322238
0.9185907399322238
0.9185907399322238
0.9187787599948029
0.9187809238659934
0.9187809238659934
0.9187809238659934
0.9187809238659934
0.9187809238659934
0.9187809238659934
0.9188375204730711
0.9188375204730711
0.9188375204730711
0.9188375204730711
0.9188375204730711
0.9188375204730711
0.9188375204730711
0.9188375204730711
0.9190941186094033
0.9190941186094033
0.9190941186094033
0.9190941186094033
0.919155234056796
0.9191982863338629
0.9192451263315712
0.9192451263315712
0.9192451263315712
0.9192935186116292
0.9192935186116292
0.9192935186116292
0.9192994431205803
0.919495741043354
0.919495741043354
0.919495741043354
0.9195550897786691
0.9195550897786691
0.9195550897786691
0.9195550897786691
0.9195550897786691
0.9195550897786691
0.9195666539513689
0.9196687090190511
0.919690140471966
0.919690140471966
0.9197629467366303
0.9197629467366303
0.9197629467366303
0.9197629467366303
0.9197629467366303
0.9197629467366303
0.9197629467366303
0.9197629467366303
0.9197629467366303
0.9197629467366303
0.9197962305836009
0.9197962305836009
0.9197962305836009
0.9198666649930076
0.9198666649930076
0.9198666649930076
0.9198666649930076
0.91996053210899
0.91996053210899
0.91996053210899
0.9199742732478075
0.9199742732478075
0.9199742732478075
0.9199815689178162
0.9199815689178162
0.9199815689178162
0.9199815689178162
0.9199815689178162
0.9199815689178162
0.9199815689178162
0.9199815689178162
0.9199815689178162
0.9199815689178162
0.9199815689178162
0.9199815689178162
0.9200798081402877
0.9200798081402877
0.9200798081402877
0.9200798081402877
0.9200798081402877
0.9200798081402877
0.9200798081402877
0.9200798081402877
0.9200798081402877
0.9200875092080776
0.920159092756033
0.920159092756033
0.92025800287682
0.92025800287682
0.92025800287682
0.92025800287682
0.92025800287682
0.9202824674476002
0.9203051154419204
0.9203051154419204
0.9203552753724688
0.9203552753724688
0.9203552753724688
0.9203552753724688
0.9203552753724688
0.9203552753724688
0.9205016985776466
0.9205160345490923
0.9205473546228772
0.9206834506232041
0.9206918923032691
0.9206918923032691
0.9206918923032691
0.9206918923032691
0.9206918923032691
0.9206918923032691
0.9206918923032691
0.9206918923032691
0.9206918923032691
0.9206918923032691
0.9206918923032691
0.9206918923032691
0.9206918923032691
0.9207724088267822
0.9207724088267822
0.9208232889646021
0.9208232889646021
0.9208232889646021
0.9208322814904238
0.9208322814904238
0.9208322814904238
0.9208422916671064
0.9208592350555374
0.9209692811011043
0.9210507875266344
0.9210507875266344
0.9210507875266344
0.9210507875266344
0.9210507875266344
0.9210507875266344
0.9210507875266344
0.9210507875266344
0.9210507875266344
0.9211463437288752
0.9211463437288752
0.9211463437288752
0.9211463437288752
0.9211463437288752
0.9211463437288752
0.9212120956985137
0.9212120956985137
0.9212120956985137
0.9212120956985137
0.9212120956985137
0.9212517978152531
0.9212517978152531
0.921652810910446
0.921652810910446
0.921652810910446
0.921652810910446
0.921652810910446
0.921652810910446
0.921652810910446
0.921652810910446
0.921652810910446
0.921652810910446
0.921652810910446
0.921652810910446
0.921652810910446
0.921652810910446
0.921652810910446
0.9216610106353167
0.9216610106353167
0.9216610106353167
0.9216610106353167
0.9216610106353167
0.9216836403154928
0.9216836403154928
0.9216836403154928
0.9218363118901693
0.9218363118901693
0.9218980506491125
0.9218980506491125
0.9219834277043506
0.9219834277043506
0.9219834277043506
0.9219834277043506
0.9219834277043506
0.9219834277043506
0.9220204889080551
0.9220204889080551
0.9220204889080551
0.9220355752220257
0.9220355752220257
0.9220355752220257
0.9220355752220257
0.9220355752220257
0.9220374010847385
0.9220374010847385
0.9220374010847385
0.9220374010847385
0.9220374010847385
0.9220374010847385
0.9220374010847385
0.9220374010847385
0.9220402458114004
0.9220402458114004
0.9220402458114004
0.9220402458114004
0.9220402458114004
0.9220402458114004
0.9220402458114004
0.9220402458114004
0.9220402458114004
0.9220402458114004
0.9220652763882677
0.9220652763882677
0.9220652763882677
0.9220652763882677
0.9221601013289752
0.9221820279706561
0.9221820279706561
0.9221877096362769
0.9221877096362769
0.9221877096362769
0.9221877096362769
0.9222489016803246
0.9222489016803246
0.9222489016803246
0.9222489016803246
0.9222489016803246
0.9223022173855518
0.9223022173855518
0.9223022173855518
0.9223022173855518
0.9223022173855518
0.9223022173855518
0.9223022173855518
0.9223022173855518
0.9223022173855518
0.9223022173855518
0.9223022173855518
0.9223022173855518
0.9223022173855518
0.9223277228520415
0.9223277228520415
0.9223277228520415
0.9223277228520415
0.9223277228520415
0.9223277228520415
0.9223277228520415
0.9223277228520415
0.9223277228520415
0.9223277228520415
0.9223277228520415
0.9223277228520415
0.9223277228520415
0.9223277228520415
0.9223277228520415
0.9223724979037208
0.9223724979037208
0.9223724979037208
0.9223724979037208
0.9223724979037208
0.9223724979037208
0.9223724979037208
0.9223724979037208
0.9223724979037208
0.9223724979037208
0.9223724979037208
0.9223724979037208
0.9223724979037208
0.9223724979037208
0.9223724979037208
0.9223724979037208
0.9223724979037208
0.9223724979037208
0.9223724979037208
0.9224406938306582
0.9224406938306582
0.9224406938306582
0.9224406938306582
0.9224406938306582
0.9224406938306582
0.9224850160365485
0.9225656573333654
0.9225656573333654
0.9225656573333654
0.9225656573333654