0.904195530601158
0.9038359743246693
0.9031617739164239
0.9035437962541398
0.9042123329769877
0.9044898112063493
0.9049094129991926
0.905043019704719
0.90608558303793
0.9054827172493601
0.9056385773221334
0.9065166457387044
0.9070497001389621
0.9063190890230046
0.9074783863919054
0.9067458761762044
0.9068157564915915
0.9080858043430012
0.9079730821013344
0.9080609764571284
0.908991399082548
0.9085473951255366
0.9084203255325027
0.9084937939783025
0.9082882337677581
0.908608945443781
0.908144854270518
0.908381375394827
0.908266478984866
0.9083459042209222
0.9093133163325126
0.909479618342897
0.9092590526749416
0.9093042757032416
0.9092785529064263
0.9089970942465203
0.9089215782754192
0.9092910655735995
0.9096720441567585
0.9095757562226501
0.9095606552024343
0.909437167654176
0.9105352196066748
0.9102431524793987
0.9103230509769392
0.9098203692943522
0.9097438581375286
0.9097225658757409
0.9098562784691703
0.9099452916239703