0.9031009473460945
0.9048115741798473
0.9062600588614034
0.9074127410695826
0.9082529580917167
0.9094935709398063
0.9095015594171685
0.9100046732047004
0.9101908113867868
0.9105056496168278
0.9110841666936447
0.9113517933126538
0.9117112431692092
0.9122763838712848
0.9125461579860173
0.9132738443986185
0.9134030486833595
0.9132920753980118
0.913385681347994
0.9134623604863209
0.9133530469760195
0.9132701302267031
0.9132730718001402
0.9135521030966037
0.9136463773887722
0.9138711953270579
0.9139045579340566
0.913791609179972
0.9135947693357412
0.913596779138686
0.9136362525701949
0.9136284925241153
0.9134900016078912
0.9135324664551826
0.9134265754669476
0.9135241344654732
0.9138102939630678
0.9143520053375572
0.9141287215722517
0.9141583703788907
0.9140400211418517
0.9137804917438678
0.914075898944809
0.9140051650482356
0.9140853587193128
0.9142661286926185
0.9139658066538638
0.9140208809949715
0.9140789622678188
0.9142960122175637