0.9032756070770527
0.9042904348625712
0.9050093643233257
0.906028099610118
0.9065321258450668
0.9071851167772558
0.9075561614063542
0.9073286398939956
0.9081590893974344
0.908545053652243
0.9099756955904812
0.9096721531138502
0.909346613836443
0.9099639742353385
0.9102525012396926
0.910249020217652
0.9101712027189675
0.9107371658730006
0.9109430068111978
0.9108298343292875
0.9108516218971661
0.9108946157955723
0.9104007437524541
0.9107570807033957
0.9103401362706739
0.9099971641910464
0.9105992625831626
0.9101131701288748
0.9111054707611128
0.9120055658195743
0.9119404311387879
0.9118971464151214
0.9116032080282295
0.9119198632499909
0.911789494227768
0.9117722862722849
0.9112493492925138
0.9116952383273639
0.9116097705829459
0.9115073256437508
0.9115843405975753
0.911285986727586
0.9116070080197554
0.9111066423188362
0.9112330950816224
0.9109640438724865
0.9109367672578008
0.9106585677108173
0.9107625484353797
0.9108658705792365