0.9039078219753435
0.9056566401547442
0.9058476368371445
0.9062363031726731
0.9068877218813957
0.9076969090382225
0.9081277330926009
0.9086933150332623
0.9088419938542156
0.9091959819764325
0.9097776463099722
0.9105511830490614
0.9107203130278219
0.9110437315250612
0.9113371100975214
0.9115808762516022
0.9117781274085394
0.9119820507627318
0.9124830691639575
0.9126158967706279
0.9129050624198952
0.9130410579008328
0.9132541133271963
0.9134409435139582
0.913832128518093
0.9142059295237562
0.9142665072270716
0.914471160009606
0.914391064686232
0.9149965495317377
0.9152530897325915
0.9152451164379006
0.9152451164379006
0.9153834191824035
0.9154131315055725
0.9158836688471288
0.9158226460246324
0.9158993351187633
0.9159772461227172
0.9159686190628797
0.9159189070176075
0.9159442292025193
0.9163297335779248
0.9162821887161685
0.9165433694328882
0.9163741550535177
0.9166060667316042
0.9167865526778595
0.9165932610473476
0.9167750557230572