0.9034321192256408
0.903777962882338
0.903892891119274
0.9046152249822691
0.9050233976422568
0.9050725913303445
0.9051635602739574
0.9054255921351225
0.9054463744063324
0.9057898097102502
0.9058862982560432
0.9062211459866636
0.9061259307385763
0.90645249921802
0.9070923763514099
0.9067961660246082
0.9072277895835974
0.9073429828882665
0.9073746314540289
0.9077521864668551
0.9078614746747088
0.9079767573064377
0.9080604001802827
0.9082102447059706
0.9080187917896508
0.9084256395269324
0.9081080476393771
0.9084828971462018
0.9088521569977516
0.9091659992158074
0.9091610969679876
0.9095874833165193
0.9093374749926012
0.90965120903573
0.9092435531241176
0.9092972549671835
0.909263543763879
0.9093450076192726
0.9091969075046161
0.9092620238194894
0.9092551580989815
0.9104208530145818
0.9098234581001503
0.9102410847259415
0.9101116404065772
0.9101638789043712
0.910377695203632
0.9101207141697113
0.9103497325984035
0.9104469072573831