0.9024090500342805
0.903528921071484
0.9047329947348854
0.9053017784484401
0.9061666505698089
0.9067923039801953
0.9071577434228654
0.9076002537188822
0.9081363874513818
0.9085103573667997
0.9090219697093984
0.9101523359049546
0.910527919570868
0.9111892502877748
0.9117116010844157
0.9121049878990398
0.9122836005674668
0.9125454554754271
0.9129905690581005
0.9135453279772572
0.9137181305474127
0.91398435752342
0.9144253427417237
0.9146348961402581
0.9147923661952473
0.9148845521167327
0.9150268114038252
0.9152271162553492
0.9152451041211837
0.9156187614388026
0.9155624861023419
0.9159912398765097
0.9161850558410389
0.916046837229363
0.9161552538461245
0.9165762040719085
0.9168929502801957
0.9170393709903587
0.9171391787728982
0.9171886314032159
0.9172664833573181
0.917241367328045
0.9174219564513363
0.9172730219406405
0.9172595144185857
0.917507740205886
0.9173079937477555
0.9172347945171012
0.9173032427418942
0.9173509731162816