0.9040230192188937
0.9028244154277731
0.9026478137613039
0.9032754411309396
0.9028491240368539
0.9021272492117614
0.9023753517366032
0.9019888442082498
0.9026811429868002
0.9025650433045068
0.9025627757483319
0.9033200232293406
0.9032416319239124
0.9036552086286036
0.9036107567048999
0.9039320487738995
0.9027864468706875
0.9039031322125899
0.9026084411419015
0.9027341694007315
0.902497393080954
0.9024066524953787
0.9028169263463711
0.9029216185187329
0.9026773313366474
0.9022600138875717
0.9024219246109156
0.9024350507847063
0.9029721959600644
0.9026642325758654
0.9032418418146454
0.9033109636112976
0.9023535537665196
0.9022980053409433
0.9022154380227502
0.9024622762687627
0.9016480498228363
0.9015814356970584
0.902655945596456
0.9021938514110013
0.9034439959634201
0.9039970835896035
0.9023832395397618
0.9022433894643067
0.9021317632059851
0.9028100455867112
0.901703931068175
0.9028338761729361
0.902691072349567
0.9019056024690093